Host,Control Count,LgbtCount,Delta
.123-hd.com,12,8,4
.18comic.vip,3,3,0
.1c.ru,24,28,4
.1c.ru,24,28,4
.1stkissmanga.me,184,150,34
.247sports.com,49,45,4
.24h.com.vn,163,76,87
.2miners.com,18,22,4
.4shared.com,1,1,0
.8x8.com,63,125,62
.9animetv.to,24,20,4
.9gag.com,21,21,0
.a-ads.com,33,33,0
.a2hosting.com,29,27,2
.aaa.com,16,16,0
.aarp.org,179,154,25
.abb.com,11,11,0
.abc.com,63,61,2
.abc.net.au,124,122,2
.about.me,12,13,1
.abtasty.com,36,32,4
.academic.oup.com,14,14,0
.acast.com,50,50,0
.account.dyn.com,47,45,2
.account.dyn.com,47,37,10
.acint.net,229,234,5
.acronis.com,17,17,0
.acs.org,110,96,14
.activehosted.com,92,91,1
.activision.com,38,38,0
.actu.fr,8,8,0
.adblockplus.org,13,13,0
.adguard.com,5,5,0
.adityabirlacapital.com,26,8,18
.adityabirlacapital.com,26,8,18
.adkernel.com,5,5,0
.adlightning.com,26,24,2
.adnxs.com,5,7,2
.adobe.com,102,96,6
.adobe.com,102,89,13
.adobe.com,102,66,36
.adobe.com,102,64,38
.adobe.com,102,60,42
.adobe.com,102,54,48
.adobe.com,102,52,50
.adobe.com,93,52,41
.adobe.com,66,50,16
.adriver.ru,37,35,2
.adriver.ru,37,29,8
.adskeeper.com,#N/A,9,#N/A
.adtelligent.com,41,39,2
.adultfriendfinder.com,21,21,0
.advancedhosting.com,9,9,0
.affirm.com,103,112,9
.afreecatv.com,37,37,0
.aftonbladet.se,33,29,4
.ag.gov.au,25,25,0
.agora.io,27,27,0
.ahajournals.org,1,1,0
.ahcdn.com,24,28,4
.ahrefs.com,2,2,0
.ai-lawandorder.com,5,5,0
.aif.ru,62,73,11
.aimtell.com,39,33,6
.airbnb.com,51,47,4
.ajc.com,1,1,0
.ajio.com,73,85,12
.akismet.com,8,8,0
.alamy.com,61,50,11
.algolia.com,77,121,44
.alibaba.com,549,438,111
.alibaba.com,549,388,161
.alibabacloud.com,58,59,1
.aliexpress.com,223,338,115
.aliexpress.com,223,331,108
.aliexpress.ru,237,240,3
.alipay.com,3,3,0
.alipaydns.com,1,1,0
.aljazeera.com,63,63,0
.allegro.pl,8,8,0
.alliance4creativity.com,17,17,0
.allrecipes.com,37,33,4
.ally.com,257,266,9
.ama-assn.org,73,91,18
.amap.com,124,126,2
.amazon.ca,16,18,2
.amazon.co.uk,10,10,0
.amazon.com,41,39,2
.amazon.com,41,23,18
.amazon.com,41,23,18
.amazon.com,41,21,20
.amazon.com,41,21,20
.amazon.com.au,35,19,16
.amazon.com.br,18,19,1
.amazon.com.mx,24,26,2
.amazon.com.tr,10,9,1
.amazon.de,14,14,0
.amazon.de,14,12,2
.amazon.eg,24,14,10
.amazon.es,10,10,0
.amazon.fr,10,10,0
.amazon.in,14,35,21
.amazon.it,10,10,0
.amazon.nl,10,10,0
.amazonaws.cn,11,9,2
.ameblo.jp,15,15,0
.americanas.com.br,139,141,2
.americanexpress.com,60,70,10
.aminoapps.com,169,66,103
.amocrm.ru,55,74,19
.amplitude.com,69,69,0
.ancestry.com,88,78,10
.androidwaves.com,8,8,0
.angelfire.lycos.com,18,18,0
.animanch.com,66,64,2
.animeflv.net,19,18,1
.annunci69.it,15,12,3
.aol.ca,2,1,1
.aol.co.uk,2,1,1
.aol.com,2,1,1
.aol.com,2,1,1
.aol.com,2,1,1
.ap.org,63,71,8
.apa.org,28,28,0
.apachefriends.org,6,6,0
.aparat.com,21,25,4
.apkcombo.com,37,46,9
.apkpure.com,30,30,0
.apnic.net,31,24,7
.app-ab11.marketo.com,12,12,0
.app-ab20.marketo.com,97,98,1
.app-ab26.marketo.com,69,71,2
.app-ab31.marketo.com,16,3,13
.app-ab33.marketo.com,90,99,9
.app-ab48.marketo.com,21,21,0
.app-abd.marketo.com,27,27,0
.app-sj21.marketo.com,19,19,0
.app-sj30.marketo.com,126,128,2
.app-sjo.marketo.com,20,20,0
.appcenter.ms,228,244,16
.appcenter.ms,228,216,12
.apple.com,12,14,2
.apple.com,12,10,2
.apple.com,12,10,2
.apple.com,12,9,3
.apple.com,12,8,4
.apple.com,12,8,4
.apple.com,12,8,4
.apple.com,12,8,4
.apple.com,12,8,4
.apple.com,12,7,5
.aquamanga.com,#N/A,170,Delta
.arbada.com,15,15,0
.arca.live,8,8,0
.archdaily.com,#N/A,133,#N/A
.archiveofourown.org,4,7,3
.arduino.cc,33,33,0
.arin.net,13,13,0
.arlo.com,244,248,4
.arnebrachhold.de,8,8,0
.artstation.com,9,14,5
.arubanetworks.com,51,51,0
.asahi.com,#N/A,348,#N/A
.ask.com,93,94,1
.asos.com,147,135,12
.asu.edu,53,54,1
.athemes.com,11,9,2
.atlassian.com,64,66,2
.atlassian.com,64,62,2
.atlassian.com,64,56,8
.atlassian.com,64,35,29
.att.com,266,279,13
.att.com,266,194,72
.attentive.com,97,96,1
.audible.com,19,19,0
.auone.jp,28,30,2
.autoplius.lt,206,80,126
.autoscout24.de,34,41,7
.autotrader.co.uk,55,54,1
.av19.org,8,8,0
.avg.com,31,32,1
.aviasales.com,86,101,15
.aviasales.ru,52,43,9
.avito.ru,176,184,8
.avito.ru,176,175,1
.avto.net,3,3,0
.aws.amazon.com,147,143,4
.aws.amazon.com,147,141,6
.aws.amazon.com,147,141,6
.aws.amazon.com,147,141,6
.aws.amazon.com,147,125,22
.aws.amazon.com,147,23,124
.axios.com,139,152,13
.az24.vn,67,57,10
.azcentral.com,21,21,0
.aznude.com,8,8,0
.backblaze.com,67,67,0
.backtrace.io,#N/A,27,#N/A
.badoo.com,31,38,7
.baidu.com,#N/A,11,#N/A
.baidu.com,#N/A,11,#N/A
.baidu.com,#N/A,11,#N/A
.baidu.com,#N/A,10,#N/A
.baltimoresun.com,1,1,0
.bamboohr.com,227,211,16
.banahosting.com,12,8,4
.banco.bradesco,101,98,3
.bandcamp.com,12,9,3
.bankofamerica.com,82,75,7
.bankrate.com,57,59,2
.barnesandnoble.com,3,3,0
.barracuda.com,58,59,1
.barracuda.com,58,55,3
.barracudacentral.org,7,7,0
.barrons.com,77,70,7
.bato.to,19,19,0
.battle.net,14,14,0
.battwo.com,22,20,2
.bbb.org,1,1,0
.bbc.co.uk,#N/A,44,#N/A
.bbc.co.uk,#N/A,44,#N/A
.bbc.co.uk,#N/A,44,#N/A
.bbc.com,53,49,4
.bbc.com,53,45,8
.beboo.ru,26,30,4
.bedbathandbeyond.com,138,125,13
.bell.ca,188,182,6
.bestbuy.com,28,28,0
.bet365.com,67,25,42
.betano.com,11,11,0
.betfair.com,66,66,0
.betnacional.com,3,3,0
.betway.co.za,100,96,4
.bfmtv.com,10,10,0
.bhg.com,43,43,0
.bidmachine.io,13,13,0
.bigcartel.com,39,37,2
.biglobe.ne.jp,45,5,40
.bigo.sg,12,12,0
.bigthink.com,47,45,2
.bild.de,48,46,2
.bilibili.com,8,12,4
.bilibili.com,8,12,4
.bilibili.tv,2,2,0
.binance.com,124,118,6
.bing.com,81,93,12
.bing.com,81,89,8
.bing.com,81,85,4
.bing.com,81,46,35
.biomedcentral.com,1,1,0
.bit.ly,5,3,2
.bitbucket.org,28,28,0
.bitly.com,19,19,0
.bitly.com,19,19,0
.bitly.com,19,19,0
.bitly.com,19,19,0
.bitly.com,19,19,0
.bitly.com,19,19,0
.bitwarden.com,10,10,0
.bizjournals.com,285,277,8
.blackberry.com,49,50,1
.blackberry.com,49,42,7
.bleacherreport.com,51,51,0
.blick.ch,56,56,0
.blog.google,36,36,0
.blog.google,36,36,0
.blogger.com,6,6,0
.blogger.com,6,6,0
.blogger.com,6,6,0
.blogger.com,6,6,0
.blogger.com,6,6,0
.bloomberg.com,48,41,7
.bloomberg.com,48,41,7
.bloomberg.com,48,37,11
.bls.gov,#N/A,16,#N/A
.bluecore.com,39,41,2
.bluehost.com,90,93,3
.bluehost.com,90,81,9
.bmj.com,110,108,2
.boatrace.jp,110,119,9
.bodis.com,26,26,0
.bolasport.com,#N/A,231,#N/A
.bom.gov.au,57,61,4
.bongacams.com,37,37,0
.booking.com,110,146,36
.booking.com,110,142,32
.bookmyshow.com,66,75,9
.bootstrapcdn.com,3,3,0
.boston.com,167,255,88
.box.com,306,254,52
.box.com,306,217,89
.boyfriendtv.com,27,33,6
.brainly.co.id,7,7,0
.brainly.com.br,10,12,2
.brainly.in,10,10,0
.brainly.lat,1,1,0
.braze.com,108,93,15
.braze.com,108,89,19
.braze.com,108,84,24
.breitbart.com,122,128,6
.brightcove.com,65,60,5
.britannica.com,118,105,13
.brookings.edu,44,48,4
.brown.edu,35,36,1
.bt.com,51,51,0
.bugsnag.com,5,5,0
.businesswire.com,51,53,2
.buydomains.com,38,38,0
.buzzfeed.com,78,75,3
.buzzfeed.com,78,75,3
.buzzfeednews.com,85,89,4
.buzzoola.com,15,19,4
.buzzsprout.com,13,13,0
.bybit.com,181,170,11
.byjus.com,9,9,0
.bytedance.com,26,20,6
.ca.gov,16,16,0
.ca.gov,16,16,0
.calameo.com,1,1,0
.calendly.com,84,79,5
.calendly.com,84,72,12
.calendly.com,84,34,50
.calendly.com,84,8,76
.calendly.com,84,2,82
.callofduty.com,38,37,1
.caltech.edu,13,15,2
.cambridge.org,25,18,7
.cancer.gov,36,32,4
.cancer.org,147,138,9
.caniuse.com,8,8,0
.canva.com,11,9,2
.canva.com,11,9,2
.capitalone.com,65,106,41
.capitaloneshopping.com,55,54,1
.carsensor.net,154,152,2
.cartoonnetwork.co.uk,20,20,0
.cat.com,36,36,0
.cbr.ru,25,6,19
.cbs.com,18,18,0
.cbsnews.com,47,41,6
.cbsnews.com,47,39,8
.cbsnews.com,47,29,18
.cbssports.com,56,56,0
.cctv.com,146,128,18
.cdc.gov,48,45,3
.cdc.gov,48,43,5
.cdiscount.com,72,78,6
.centurylink.com,43,43,0
.change.org,45,43,2
.channel4.com,104,91,13
.character.ai,9,9,0
.chartbeat.com,10,16,6
.chartbeat.com,10,12,2
.chartboost.com,26,26,0
.chase.com,153,137,16
.chaturbate.com,461,383,78
.chegg.com,29,38,9
.chess.com,10,10,0
.chicagotribune.com,102,110,8
.chimpstatic.com,33,33,0
.china.com.cn,1,1,0
.chinadaily.com.cn,9,9,0
.chinaz.com,6,7,1
.chosun.com,110,115,5
.churchofjesuschrist.org,27,23,4
.cia.gov,1,1,0
.cision.com,32,30,2
.citi.com,106,160,54
.citrix.com,27,28,1
.clarin.com,82,54,28
.clevelandclinic.org,23,23,0
.clever.com,8,8,0
.clickup.com,#N/A,136,#N/A
.clinicaltrials.gov,65,65,0
.cloud.com,18,16,2
.cloud.tencent.com,62,62,0
.cloudflare.com,170,172,2
.cloudflare.com,170,168,2
.cloudflare.com,170,142,28
.cloudflare.com,170,44,126
.cloudflare.com,170,44,126
.cloudflare.net,3,3,0
.cloudflare.net,3,3,0
.cloudflare.net,3,3,0
.cloudinary.com,54,58,4
.cmoa.jp,63,133,70
.cms.gov,68,58,10
.cnbc.com,102,107,5
.cnbc.com,102,103,1
.cnet.com,26,24,2
.cnet.com,26,24,2
.cnn.com,351,349,2
.cnn.com,351,349,2
.code42.com,169,220,51
.codecademy.com,60,64,4
.coffeemanga.io,135,24,111
.coinbase.com,7,7,0
.coindesk.com,17,15,2
.coingecko.com,38,36,2
.coinpayu.com,31,31,0
.cointelegraph.com,77,73,4
.collegeboard.org,47,43,4
.collinsdictionary.com,32,28,4
.colorlib.com,7,7,0
.colostate.edu,40,41,1
.comeet.co,14,14,0
.comfortel.pro,11,17,6
.comfortel.pro,11,15,4
.comfortel.pro,11,15,4
.comodo.com,21,21,0
.component-library.roche.com,19,19,0
.conectate.com.do,23,35,12
.congress.gov,36,37,1
.consultant.ru,66,69,3
.consultant.ru,66,65,1
.consumerreports.org,90,71,19
.conviva.com,58,62,4
.cookielaw.org,21,21,0
.cookieyes.com,38,37,1
.cornell.edu,18,18,0
.cos-rd.com,1,1,0
.coupang.com,91,70,21
.coursera.org,57,69,12
.cox.com,9,9,0
.cpi.ad.jp,41,45,4
.craigslist.org,2,2,0
.crazygames.com,2,2,0
.createjs.com,6,6,0
.creditkarma.com,40,43,3
.cricbuzz.com,20,25,5
.crowdstrike.com,34,34,0
.crownpeak.com,13,13,0
.crownpeak.com,13,13,0
.crpt.ru,2,2,0
.crunchyroll.com,58,32,26
.csdn.net,26,55,29
.ctvnews.ca,#N/A,100,#N/A
.cuny.edu,81,84,3
.cybersecurity.arcticwolf.com,28,26,2
.cybersource.com,2,2,0
.czbooks.net,41,34,7
.dagbladet.no,82,53,29
.dailymail.co.uk,51,47,4
.dailymail.co.uk,51,47,4
.dailymotion.com,11,11,0
.dailymotion.com,11,11,0
.dallasnews.com,186,305,119
.dantri.com.vn,106,72,34
.dashlane.com,32,32,0
.databricks.com,28,26,2
.datastax.com,140,133,7
.datto.com,18,18,0
.dcinside.com,70,72,2
.dealertrack.com,12,13,1
.deepintent.com,#N/A,34,#N/A
.deepl.com,90,92,2
.deere.com,121,116,5
.deezer.com,27,23,4
.defense.gov,4,4,0
.dell.com,96,84,12
.dell.com,96,82,14
.delta.com,478,402,76
.denverpost.com,192,229,37
.depositphotos.com,45,45,0
.detik.com,#N/A,60,#N/A
.developers.hubspot.com,3,3,0
.deviantart.com,8,9,1
.deviantart.com,8,7,1
.dhgate.com,329,343,14
.dhl.com,39,41,2
.dhs.gov,124,124,0
.digg.com,33,31,2
.digicert.com,77,74,3
.digicert.com,77,74,3
.digicert.com,77,74,3
.digital.com,8,8,0
.digitalocean.com,35,35,0
.digitalocean.com,35,35,0
.digitalocean.com,35,35,0
.digitaltrends.com,190,200,10
.diigo.com,8,8,0
.diretta.it,22,23,1
.discordapp.com,7,13,6
.discover.com,309,314,5
.disney.com,77,79,2
.disneyplus.com,27,27,0
.distmed.com,6,10,4
.dlsite.com,214,230,16
.dmg.digitaltarget.ru,112,158,46
.dmm.co.jp,106,99,7
.dmm.com,133,151,18
.dns-shop.ru,2,2,0
.dnsmadeeasy.com,#N/A,26,#N/A
.dnsmadeeasy.com,#N/A,24,#N/A
.dnspod.com,15,15,0
.dol.gov,49,49,0
.domaindiscount24.com,33,33,0
.domainmarket.com,2,2,0
.donga.com,111,115,4
.dooood.com,6,6,0
.doordash.com,19,19,0
.doramy.club,8,8,0
.dotdashmeredith.com,8,8,0
.douban.com,12,12,0
.doubleclick.net,110,69,41
.doubleclick.net,110,49,61
.doubleclick.net,110,41,69
.doubleclick.net,110,2,108
.doubleverify.com,16,16,0
.doubleverify.com,16,16,0
.doximity.com,83,74,9
.dpbossnet.com,11,11,0
.draftkings.com,45,41,4
.dreamstime.com,27,27,0
.drift.com,126,126,0
.drom.ru,14,18,4
.drom.ru,14,18,4
.dropcatch.com,3,3,0
.drweb.com,21,25,4
.dstillery.com,59,61,2
.dto.to,19,19,0
.duke.edu,15,15,0
.duo.com,22,22,0
.dw.com,12,12,0
.dynatrace.com,771,776,5
.dyson.com,154,157,3
.dzen.ru,49,68,19
.dzen.ru,49,66,17
.dzen.ru,49,64,15
.dzen.ru,49,64,15
.dzen.ru,49,57,8
.e-volution.ai,15,15,0
.earlywarning.com,19,19,0
.earnest.com,3,3,0
.earthlink.net,42,44,2
.eatingwell.com,33,33,0
.ebay.ca,90,91,1
.ebay.co.uk,84,65,19
.ebay.com,105,91,14
.ebay.com,105,77,28
.ebay.com.au,101,100,1
.ebay.de,99,61,38
.ebay.it,94,69,25
.economist.com,71,77,6
.ecosia.org,8,8,0
.ed.gov,19,23,4
.edge.permutive.com,1,1,0
.edna.ru,54,57,3
.edna.ru,54,57,3
.edx.org,18,19,1
.eepurl.com,1,1,0
.egnyte.com,125,127,2
.ekartlogistics.com,20,16,4
.elastic.co,12,12,0
.elconfidencial.com,122,146,24
.elcorteingles.es,399,435,36
.elegantthemes.com,9,16,7
.elmundo.es,120,116,4
.elsevier.com,31,23,8
.eltiempo.com,322,218,104
.eltiempo.es,18,26,8
.eluniversal.com.mx,#N/A,1250,#N/A
.emag.ro,72,77,5
.emirates.com,126,126,0
.emojipedia.org,#N/A,26,#N/A
.enable-javascript.com,8,8,0
.energy.gov,40,42,2
.engadget.com,2,1,1
.envato.com,58,76,18
.eonline.com,88,86,2
.epa.gov,26,26,0
.escort.club,1,1,0
.escortbabylon.net,9,13,4
.eset.com,20,20,0
.eset.com,20,20,0
.ethz.ch,6,6,0
.etsy.com,20,16,4
.etsy.com,20,14,6
.eurodns.com,28,31,3
.euronews.com,100,95,5
.eventbrite.co.uk,25,28,3
.eventbrite.com,44,39,5
.eventbrite.com,44,39,5
.evernote.com,3,3,0
.everydayhealth.com,91,78,13
.evotor.ru,25,33,8
.exertis.com,12,12,0
.exhentai.org,1,1,0
.expedia.com,232,233,1
.experian.com,282,273,9
.explore.onetrust.com,25,25,0
.express.co.uk,25,17,8
.expressen.se,5,2,3
.ey.com,6,8,2
.ezoic.com,42,76,34
.ezviz.com,4,4,0
.fanbox.cc,17,17,0
.fandango.com,5,5,0
.fandom.com,48,43,5
.fandom.com,48,34,14
.fandomwire.com,1,1,0
.fanfiction.net,41,32,9
.fanpage.it,25,21,4
.faphouse.com,46,46,0
.faqs.org,12,12,0
.fararu.com,34,30,4
.farfetch.com,231,220,11
.farpost.ru,13,13,0
.fastcompany.com,211,189,22
.fastly.com,67,71,4
.fastly.com,67,67,0
.fastly.com,67,67,0
.fastlylabs.com,3,3,0
.faz.net,12,12,0
.fbi.gov,41,41,0
.fbi.gov,41,24,17
.fc2.com,10,10,0
.fda.gov,22,22,0
.federalreserve.gov,9,9,0
.feedburner.google.com,10,10,0
.felenasoft.com,1,1,0
.fema.gov,49,51,2
.ficbook.net,44,34,10
.figma.com,7,7,0
.files.com,46,46,0
.filmyzilla.com.ec,16,16,0
.filmyzilla.com.pk,#N/A,3,#N/A
.findagrave.com,13,13,0
.findlaw.com,96,93,3
.finn.no,58,42,16
.firstvds.ru,31,37,6
.flashscore.com,22,23,1
.flashscore.com.br,53,50,3
.flashscore.mobi,12,12,0
.flic.kr,2,2,0
.flickr.com,47,34,13
.flickr.com,47,32,15
.flickr.com,47,32,15
.flightradar24.com,82,90,8
.flipboard.com,32,30,2
.flipkart.com,37,32,5
.flipsnack.com,29,29,0
.fluct.jp,8,8,0
.focus.de,9,7,2
.fonts.net,123,122,1
.fonts.net,123,100,23
.fonts.net,123,62,61
.fonts.net,123,58,65
.fonts.net,123,46,77
.fonts.net,123,34,89
.fonts.net,123,34,89
.fonts.net,123,34,89
.fonts.net,123,17,106
.fonts.net,123,17,106
.fonts.net,123,6,117
.fonts.net,123,3,120
.fonts.net,123,1,122
.fonts.net,123,1,122
.fool.com,20,20,0
.forbes.com,9,9,0
.forbes.com,9,7,2
.ford.com,313,287,26
.foreca.fi,4,4,0
.foreignpolicy.com,138,136,2
.formula1.com,6,2,4
.forter.com,7,7,0
.forter.com,7,6,1
.fortnite.com,18,18,0
.fortune.com,63,63,0
.fotostrana.ru,60,69,9
.foursquare.com,58,13,45
.fox.com,146,144,2
.foxbusiness.com,137,131,6
.foxnews.com,133,136,3
.foxnews.com,133,126,7
.fpo.xxx,20,22,2
.francetvinfo.fr,11,11,0
.freep.com,21,21,0
.freshworks.com,97,92,5
.freshworks.com,97,49,48
.freshworks.com,97,43,54
.frontiersin.org,17,17,0
.ft.com,31,28,3
.ft.com,31,28,3
.ftc.gov,25,13,12
.funnyjunk.com,77,58,19
.furaffinity.net,16,16,0
.futbin.com,62,95,33
.g.co,7,7,0
.g.page,12,13,1
.g.page,12,13,1
.gameanalytics.com,57,57,0
.gameloft.com,2,2,0
.gamer.com.tw,15,14,1
.gamestop.com,164,151,13
.gamewith.jp,50,46,4
.gandi.net,10,10,0
.gandi.net,10,10,0
.gandi.net,10,10,0
.gap.com,25,25,0
.garant.ru,53,68,15
.gartner.com,92,87,5
.gazeta.ru,117,123,6
.gazzetta.it,61,60,1
.ge.com,11,11,0
.geeksforgeeks.org,39,39,0
.geico.com,99,87,12
.gekso.xyz,8,8,0
.gene.com,20,20,0
.geotrust.com,46,43,3
.get.sendbird.com,#N/A,110,#N/A
.get.sketchup.com,140,120,20
.getbootstrap.com,6,6,0
.getfeedback.com,30,32,2
.getpocket.com,39,39,0
.getyourguide.com,30,28,2
.gfycat.com,2,6,4
.giftcards.com,67,69,2
.gifts.com,42,53,11
.giphy.com,3,3,0
.giphy.com,3,3,0
.girlschannel.net,8,8,0
.gitbook.com,75,69,6
.gitlab.com,18,18,0
.glassdoor.com,78,100,22
.globenewswire.com,#N/A,25,#N/A
.globo.com,205,158,47
.globo.com,205,149,56
.gm.com,97,81,16
.go.greenhouse.com,34,31,3
.go.mountain.com,110,115,5
.go.ogury.com,21,19,2
.go2.medallia.com,90,88,2
.goal.com,14,18,4
.gocardless.com,40,50,10
.godaddy.com,36,32,4
.godaddy.com,36,30,6
.gofundme.com,30,40,10
.gog.com,14,14,0
.goguardian.com,47,62,15
.goldmansachs.com,85,81,4
.goodrx.com,6,6,0
.google.ad,3,3,0
.google.ae,3,3,0
.google.al,3,3,0
.google.am,3,3,0
.google.as,3,3,0
.google.at,3,3,0
.google.az,3,3,0
.google.ba,3,3,0
.google.be,3,3,0
.google.bf,3,3,0
.google.bg,3,3,0
.google.bi,3,3,0
.google.bj,3,3,0
.google.bs,3,3,0
.google.bt,3,3,0
.google.by,3,3,0
.google.ca,3,3,0
.google.ca,3,3,0
.google.cat,3,3,0
.google.cd,3,3,0
.google.cf,3,3,0
.google.cg,3,3,0
.google.ch,3,3,0
.google.ci,3,3,0
.google.cl,3,3,0
.google.cm,3,3,0
.google.co.ao,3,3,0
.google.co.bw,3,3,0
.google.co.ck,3,3,0
.google.co.cr,3,3,0
.google.co.id,3,3,0
.google.co.il,3,3,0
.google.co.in,3,3,0
.google.co.jp,5,3,2
.google.co.jp,5,3,2
.google.co.ke,5,3,2
.google.co.kr,3,3,0
.google.co.ls,3,3,0
.google.co.ma,3,3,0
.google.co.mz,3,3,0
.google.co.nz,3,3,0
.google.co.th,3,3,0
.google.co.tz,3,3,0
.google.co.ug,3,3,0
.google.co.uk,3,3,0
.google.co.uk,3,3,0
.google.co.uz,3,3,0
.google.co.ve,3,3,0
.google.co.vi,3,3,0
.google.co.za,3,3,0
.google.co.zm,3,3,0
.google.co.zw,3,3,0
.google.com,41,38,3
.google.com,41,12,29
.google.com,41,10,31
.google.com,41,6,35
.google.com,41,2,39
.google.com,41,2,39
.google.com,41,2,39
.google.com,41,2,39
.google.com,41,2,39
.google.com,41,2,39
.google.com,41,2,39
.google.com,41,2,39
.google.com,41,2,39
.google.com,41,2,39
.google.com,41,2,39
.google.com,41,2,39
.google.com,41,2,39
.google.com,41,2,39
.google.com.af,3,3,0
.google.com.ag,3,3,0
.google.com.ai,2,2,0
.google.com.ar,3,3,0
.google.com.au,3,3,0
.google.com.bd,3,3,0
.google.com.bh,3,3,0
.google.com.bn,3,3,0
.google.com.bo,3,3,0
.google.com.br,5,3,2
.google.com.br,5,3,2
.google.com.bz,3,3,0
.google.com.co,3,3,0
.google.com.cu,3,3,0
.google.com.cy,3,3,0
.google.com.do,3,3,0
.google.com.ec,3,3,0
.google.com.eg,3,3,0
.google.com.et,3,3,0
.google.com.fj,3,3,0
.google.com.gh,3,3,0
.google.com.gi,3,3,0
.google.com.gt,3,3,0
.google.com.hk,3,3,0
.google.com.jm,3,3,0
.google.com.kh,3,3,0
.google.com.kw,3,3,0
.google.com.lb,3,5,2
.google.com.ly,3,3,0
.google.com.mm,3,3,0
.google.com.mt,3,3,0
.google.com.mx,3,3,0
.google.com.my,3,3,0
.google.com.na,3,3,0
.google.com.nf,3,3,0
.google.com.ng,3,3,0
.google.com.ni,3,3,0
.google.com.np,3,3,0
.google.com.om,3,3,0
.google.com.pa,3,3,0
.google.com.pe,3,3,0
.google.com.pg,3,3,0
.google.com.ph,3,3,0
.google.com.pk,3,3,0
.google.com.pr,3,3,0
.google.com.py,3,3,0
.google.com.qa,3,3,0
.google.com.sa,3,3,0
.google.com.sb,3,3,0
.google.com.sg,3,3,0
.google.com.sl,3,3,0
.google.com.sv,3,3,0
.google.com.tj,3,3,0
.google.com.tr,3,3,0
.google.com.tw,3,3,0
.google.com.ua,3,3,0
.google.com.uy,3,3,0
.google.com.vc,3,3,0
.google.com.vn,3,3,0
.google.cv,3,3,0
.google.cz,3,3,0
.google.de,3,3,0
.google.de,3,3,0
.google.dj,3,3,0
.google.dk,3,3,0
.google.dm,3,3,0
.google.dz,3,3,0
.google.ee,3,3,0
.google.es,3,3,0
.google.es,3,3,0
.google.fi,3,3,0
.google.fm,3,3,0
.google.fr,3,3,0
.google.fr,3,3,0
.google.ga,3,3,0
.google.ge,3,3,0
.google.gg,3,3,0
.google.gl,3,3,0
.google.gm,3,3,0
.google.gp,3,3,0
.google.gr,5,3,2
.google.gy,3,3,0
.google.hn,3,3,0
.google.hr,5,3,2
.google.ht,3,3,0
.google.hu,3,3,0
.google.ie,3,3,0
.google.im,3,3,0
.google.iq,3,3,0
.google.is,3,3,0
.google.it,5,3,2
.google.it,5,3,2
.google.je,3,3,0
.google.jo,3,3,0
.google.kg,3,3,0
.google.ki,3,3,0
.google.kz,3,3,0
.google.la,3,3,0
.google.li,3,3,0
.google.lk,3,3,0
.google.lt,3,3,0
.google.lu,3,3,0
.google.lv,3,3,0
.google.md,3,3,0
.google.me,3,3,0
.google.mg,3,3,0
.google.mk,3,3,0
.google.ml,3,3,0
.google.mn,3,3,0
.google.ms,2,2,0
.google.mu,3,3,0
.google.mv,3,3,0
.google.mw,3,3,0
.google.ne,3,3,0
.google.nl,3,3,0
.google.no,3,3,0
.google.nr,3,3,0
.google.nu,3,3,0
.google.org,12,12,0
.google.pl,3,3,0
.google.pn,3,3,0
.google.ps,3,3,0
.google.pt,3,3,0
.google.ro,3,3,0
.google.rs,3,3,0
.google.ru,3,3,0
.google.rw,3,3,0
.google.sc,3,3,0
.google.se,3,3,0
.google.sh,3,3,0
.google.si,3,3,0
.google.sk,3,3,0
.google.sm,3,3,0
.google.sn,3,3,0
.google.so,3,3,0
.google.sr,3,3,0
.google.st,3,3,0
.google.td,3,3,0
.google.tg,3,3,0
.google.tk,3,3,0
.google.tl,3,3,0
.google.tm,3,3,0
.google.tn,3,3,0
.google.to,3,3,0
.google.tt,3,3,0
.google.vg,2,2,0
.google.vu,3,3,0
.google.ws,3,3,0
.googleblog.com,16,16,0
.googleblog.com,16,16,0
.googleblog.com,16,16,0
.gopro.com,110,106,4
.goto.symphony.com,4,4,0
.gpo.gov,3,3,0
.gq.com,123,123,0
.grammarly.com,26,28,2
.grammarly.com,26,26,0
.granicus.com,10,10,0
.grapee.jp,#N/A,167,#N/A
.gravatar.com,13,13,0
.gravatar.com,13,13,0
.gravatar.com,13,13,0
.greenpeace.org,71,71,0
.grindr.com,30,30,0
.group.accor.com,28,30,2
.gsmarena.com,13,13,0
.gumgum.com,23,23,0
.gumgum.com,23,23,0
.gumgum.com,23,23,0
.gumroad.com,14,14,0
.halktv.com.tr,12,12,0
.happymail.co.jp,110,105,5
.happymh.com,1,1,0
.happymod.com,8,8,0
.harvard.edu,15,15,0
.harvard.edu,15,15,0
.hatena.ne.jp,43,37,6
.hatenablog.com,127,88,39
.hawaii.edu,12,12,0
.hbo.com,347,343,4
.hbo.com,347,27,320
.hbr.org,211,176,35
.hdtube.porn,27,27,0
.he.net,3,3,0
.healthline.com,1,3,2
.healthline.com,1,3,2
.hello.cvent.com,20,21,1
.hellomagazine.com,31,31,0
.helpshift.com,72,136,64
.hentai.name,4,4,0
.hepsiburada.com,76,70,6
.hh.ru,100,138,38
.hilton.com,250,244,6
.hindawi.com,29,33,4
.hindustantimes.com,105,74,31
.hinet.net,#N/A,29,#N/A
.histats.com,15,15,0
.history.co.uk,29,27,2
.hltv.org,20,20,0
.hm.baidu.com,31,11,20
.hm.baidu.com,31,11,20
.hm.baidu.com,31,11,20
.hm.baidu.com,31,9,22
.hm.baidu.com,31,7,24
.hm.baidu.com,31,5,26
.hm.baidu.com,31,5,26
.hm.baidu.com,31,5,26
.hm.baidu.com,31,5,26
.hm.com,128,128,0
.hnext.jp,26,22,4
.hollywoodbets.net,118,117,1
.hollywoodreporter.com,24,24,0
.homedepot.com,4,4,0
.homedepot.com,4,4,0
.homestead.com,125,74,51
.honeywell.com,91,92,1
.hopkinsmedicine.org,6,6,0
.hosteurope.de,44,38,6
.hostgator.com,110,97,13
.hostgator.com,110,95,15
.hostgator.com.br,7,7,0
.hostpoint.ch,32,36,4
.hotels.com,182,170,12
.hotjar.com,33,33,0
.hotjar.com,33,33,0
.hotmart.com,50,80,30
.house.gov,15,12,3
.howstuffworks.com,17,17,0
.hoyolab.com,#N/A,33,#N/A
.hpe.com,169,164,5
.hqporner.com,12,16,4
.hse.ru,84,99,15
.hto.to,17,19,2
.hubpages.com,1,1,0
.hubspot.com,23,23,0
.hubspot.com,23,19,4
.hubspot.com,23,10,13
.hubspot.com,23,7,16
.hubspot.com,23,1,22
.hubspot.net,27,28,1
.huggingface.co,11,12,1
.hulu.com,119,117,2
.humoruniv.com,21,21,0
.huntress.io,20,21,1
.hyprmx.com,17,17,0
.iastate.edu,42,41,1
.ibm.com,66,66,0
.ibm.com,66,52,14
.icanhazip.com,1,1,0
.icbc.com.cn,22,26,4
.icicibank.com,145,153,8
.ico.org.uk,1,1,0
.icq.com,6,6,0
.idealista.com,22,22,0
.idealista.it,1,1,0
.idnes.cz,148,72,76
.idokep.hu,2,2,0
.iea.org,20,20,0
.ietf.org,1,1,0
.ihc.ru,27,23,4
.iherb.com,172,162,10
.ihg.com,120,116,4
.ijavhd.com,12,12,0
.ikea.com,43,33,10
.illinois.edu,35,35,0
.illinois.edu,35,35,0
.ilmeteo.it,#N/A,40,#N/A
.ilovepdf.com,1,1,0
.imagefap.com,39,39,0
.imageshack.com,7,7,0
.imageshack.com,7,7,0
.imdb.com,13,13,0
.imdb.com,13,13,0
.imf.org,51,59,8
.imgbb.com,15,15,0
.imgsrc.ru,46,40,6
.imgur.com,163,89,74
.imgur.com,163,87,76
.immunet.com,8,8,0
.impots.gouv.fr,1,1,0
.imrworldwide.com,100,88,12
.in.gov,5,9,4
.in.treasuredata.com,34,34,0
.inc.com,1,1,0
.income.com.sg,139,119,20
.indeed.com,80,75,5
.indeed.com,80,73,7
.indeed.tech,16,16,0
.independent.ie,26,26,0
.index.hu,68,63,5
.indiamart.com,41,42,1
.indianexpress.com,#N/A,125,#N/A
.info.blend.com,59,63,4
.infogram.com,16,16,0
.infolinks.com,56,68,12
.inleed.se,16,16,0
.inps.it,#N/A,32,#N/A
.instana.io,1,1,0
.instructables.com,29,27,2
.insurads.com,2,2,0
.int08h.com,3,3,0
.intel.com,41,79,38
.intel.com,41,74,33
.intercom.com,20,20,0
.intercom.com,20,20,0
.intercom.com,20,18,2
.interia.pl,23,30,7
.intermedia.com,41,50,9
.intuit.com,150,151,1
.intuit.com,150,143,7
.intuit.com,150,137,13
.inven.co.kr,19,19,0
.investing.com,68,73,5
.investopedia.com,38,32,6
.iop.org,8,8,0
.iowa.gov,13,13,0
.ipify.org,#N/A,25,#N/A
.ipify.org,#N/A,25,#N/A
.ipinfo.io,40,40,0
.iporntv.net,26,20,6
.ipvanish.com,49,49,0
.iqiyi.com,77,45,32
.irs.gov,28,28,0
.is.com,101,88,13
.is.com,101,84,17
.is.com,101,79,22
.isc.org,8,8,0
.iseeme.com,26,28,2
.issuu.com,7,7,0
.issuu.com,7,7,0
.itch.io,11,15,4
.iterable.com,#N/A,88,#N/A
.itmedia.co.jp,141,100,41
.itv.com,15,15,0
.ivanti.com,41,37,4
.ivi.tv,105,111,6
.ivi.tv,105,109,4
.jable.tv,20,19,1
.jakarta.go.id,27,27,0
.jamanetwork.com,124,127,3
.jd.com,8,8,0
.jetbrains.com,19,19,0
.jhu.edu,78,54,24
.jimdo.com,38,28,10
.jimdo.com,38,28,10
.jino.ru,15,19,4
.jiocinema.com,61,61,0
.joinhoney.com,26,26,0
.joinhoney.com,26,26,0
.jotform.com,14,11,3
.jpost.com,248,231,17
.js.users.51.la,18,18,0
.juicyads.com,15,32,17
.juicyads.com,15,19,4
.jusbrasil.com.br,37,39,2
.just-eat.co.uk,8,8,0
.justdial.com,74,72,2
.justia.com,33,33,0
.justpaste.it,3,3,0
.jut.su,25,28,3
.jutarnji.hr,119,121,2
.jwplayer.com,33,33,0
.jwplayer.com,33,30,3
.kaltura.com,18,18,0
.kambistories.com,12,9,3
.kbb.com,148,137,11
.kemono.party,1,1,0
.keplr.app,8,8,0
.keycdn.com,8,8,0
.khabaronline.ir,55,52,3
.kia.com,21,19,2
.kick.com,27,28,1
.kickstarter.com,28,28,0
.kinoafisha.info,260,325,65
.kinopoisk.ru,16,110,94
.kiwi.com,62,64,2
.klaviyo.com,26,26,0
.ko-fi.com,11,11,0
.kohls.com,453,419,34
.kolesa.kz,92,112,20
.kompas.com,512,177,335
.kp.ru,107,106,1
.kwai.com,9,9,0
.lacasadelosfamososmexico.tv,25,25,0
.ladbrokes.com,93,96,3
.ladies.de,3,3,0
.lanacion.com.ar,58,56,2
.larkplayer.com,#N/A,53,#N/A
.last.fm,32,32,0
.lastampa.it,42,42,0
.lastpass.com,74,167,93
.latamairlines.com,204,192,12
.lazada.co.id,39,32,7
.lazada.co.th,22,25,3
.lazada.com.ph,22,31,9
.lazada.vn,54,40,14
.leap.yotpo.com,#N/A,85,#N/A
.leboncoin.fr,49,49,0
.lectortmo.com,23,26,3
.lefigaro.fr,5,5,0
.lego.com,42,54,12
.leiniao.com,12,12,0
.lemonde.fr,14,14,0
.lenovo.com.cn,#N/A,89,#N/A
.lenovomm.com,19,19,0
.lenta.ru,127,118,9
.leparisien.fr,46,103,57
.lequipe.fr,16,13,3
.letour.fr,28,28,0
.letterboxd.com,20,20,0
.lg.com,69,112,43
.lg.com,69,67,2
.libero.it,#N/A,17,#N/A
.lichess.org,1,1,0
.lifewire.com,45,43,2
.liftoff.io,41,39,2
.liftoff.io,41,31,10
.liftoff.io,41,23,18
.lightboxcdn.com,1,1,0
.lightinthebox.com,193,163,30
.likee.video,36,40,4
.likee.video,36,40,4
.linkedin.com,32,32,0
.linksynergy.com,#N/A,337,#N/A
.linktr.ee,63,66,3
.linktr.ee,63,66,3
.linode.com,66,59,7
.liquidweb.com,42,44,2
.list.am,12,12,0
.litres.ru,80,6,74
.liveabout.com,47,47,0
.livechat.com,134,125,9
.livechat.com,134,124,10
.livedns.co.uk,12,12,0
.livehindustan.com,359,416,57
.liveintent.com,101,82,19
.livejournal.com,154,145,9
.livemint.com,507,384,123
.liveramp.com,6,6,0
.livescore.in,23,23,0
.livestream.com,29,24,5
.loc.gov,37,32,5
.loc.gov,37,32,5
.locaweb.com.br,#N/A,31,#N/A
.loom.com,39,37,2
.lowes.com,191,192,1
.lp.datadoghq.com,#N/A,44,#N/A
.lse.ac.uk,41,37,4
.ludoplayers.com,21,21,0
.lululemon.com,161,237,76
.lww.com,34,36,2
.lycos.com,25,23,2
.lyft.com,55,62,7
.magazineluiza.com.br,203,163,40
.magnite.com,16,16,0
.magnite.com,16,16,0
.mail.ru,205,218,13
.mail.ru,205,216,11
.mail.ru,205,209,4
.mail.ru,205,208,3
.mail.ru,205,188,17
.mail.ru,205,106,99
.mail.ru,205,104,101
.mail.ru,205,83,122
.mail.ru,205,60,145
.mail.ru,205,58,147
.mail.ru,205,30,175
.mailchimp.com,76,72,4
.mailchimp.com,76,68,8
.mailchimp.com,76,64,12
.mailjet.com,57,65,8
.malwarebytes.com,58,66,8
.man7.org,9,9,0
.manga168.com,12,12,0
.mangadex.org,16,12,4
.mangatoto.com,20,22,2
.mapquest.com,49,49,0
.marca.com,49,43,6
.marfeel.com,69,71,2
.marinetraffic.com,5,5,0
.marketingplatform.google.com,16,16,0
.marketingplatform.google.com,16,16,0
.marketingplatform.google.com,16,12,4
.marketingplatform.google.com,16,12,4
.marketingplatform.google.com,16,12,4
.marketingplatform.google.com,16,12,4
.marketingplatform.google.com,16,12,4
.marketo.com,103,101,2
.marketwatch.com,46,41,5
.markmonitor.com,62,57,5
.markt.de,11,9,2
.marktplaats.nl,119,104,15
.marthastewart.com,36,32,4
.mashable.com,98,91,7
.mass.gov,31,37,6
.mastercard.co.uk,18,18,0
.mat6tube.com,16,16,0
.match.com,38,38,0
.mathworks.com,71,71,0
.mattermost.com,11,11,0
.matterport.com,26,26,0
.mayoclinic.org,85,86,1
.mayoclinic.org,85,73,12
.mbga.jp,19,19,0
.mcafee.com,102,100,2
.mcafee.com,102,100,2
.mcm.ru,22,25,3
.mdpi.com,9,9,0
.media.net,17,17,0
.media.net,17,17,0
.mediaexpert.pl,89,77,12
.mediafire.com,43,40,3
.mediago.io,12,12,0
.mediamath.com,5,5,0
.mediaset.it,19,19,0
.mediavine.com,14,14,0
.medicinenet.com,25,23,2
.medium.com,32,33,1
.medium.com,32,32,0
.medlineplus.gov,30,30,0
.medscape.com,138,130,8
.medtronic.com,27,27,0
.meetme.com,2,2,0
.meituan.com,2,2,0
.menulog.com.au,61,66,5
.mercadolibre.com,5,5,0
.mercadolibre.com.ar,63,63,0
.mercadolibre.com.mx,68,70,2
.mercadolivre.com.br,58,54,4
.mercurynews.com,181,257,76
.merit.edu,15,15,0
.metacritic.com,18,18,0
.metlife.com,123,121,2
.metmuseum.org,52,68,16
.mgid.com,67,47,20
.mi.com,7,7,0
.mi.com,7,7,0
.mi.com,7,7,0
.mi.com,7,7,0
.mi.com,7,7,0
.miamiherald.com,81,84,3
.michaels.com,#N/A,1,#N/A
.microfocus.com,19,19,0
.microfocus.com,19,18,1
.microsoft.com,#N/A,23,#N/A
.microsoft.com,#N/A,19,#N/A
.microsoft.com,#N/A,19,#N/A
.microsoft.com,#N/A,18,#N/A
.milanuncios.com,1,1,0
.milliyet.com.tr,33,39,6
.minecraft.net,26,24,2
.minecraft.net,26,22,4
.mit.edu,30,30,0
.mit.edu,30,30,0
.mixcloud.com,50,46,4
.mixpanel.com,2,2,0
.ml.com,213,211,2
.mlb.com,293,316,23
.mobile.de,24,24,0
.monash.edu,#N/A,13,#N/A
.monday.com,49,41,8
.moneycontrol.com,30,32,2
.mongodb.com,23,99,76
.moovitapp.com,164,177,13
.morningstar.com,63,59,4
.mosyle.com,8,8,0
.motchill.info,#N/A,9,#N/A
.moz.com,93,92,1
.mp4moviez.market,19,19,0
.mparticle.com,50,46,4
.msn.com,63,64,1
.msn.com,63,62,1
.msn.com,63,57,6
.mtlnovel.com,3,3,0
.mulesoft.com,29,27,2
.mundodeportivo.com,15,15,0
.myfonts.net,24,22,2
.myfonts.net,24,20,4
.myntra.com,128,128,0
.myreadingmanga.info,3,3,0
.myspace.com,21,21,0
.myspace.com,21,21,0
.mysql.com,36,38,2
.mysql.com,36,38,2
.n-able.com,50,52,2
.n-tv.de,9,9,0
.namasha.com,6,6,0
.namefind.com,6,6,0
.namu.wiki,38,38,0
.narvar.com,43,43,0
.nasdaq.com,254,176,78
.nate.com,29,28,1
.nationalpost.com,#N/A,133,#N/A
.nature.com,5,5,0
.nature.com,5,5,0
.naukri.com,59,49,10
.naver.com,1,1,0
.naver.com,1,1,0
.naver.com,1,1,0
.nbc.com,193,199,6
.nbcnews.com,226,232,6
.nber.org,12,12,0
.nd.edu,11,5,6
.ndtv.com,243,205,38
.nesine.com,24,24,0
.nespresso.com,76,72,4
.nestle.com,18,18,0
.netangels.ru,15,21,6
.netangels.ru,15,19,4
.netflix.com,14,21,7
.netflix.com,14,21,7
.netflix.com,14,21,7
.netflix.com,14,21,7
.netgate.com,13,13,0
.netkeiba.com,605,273,332
.nettruyenmax.com,12,12,0
.nettruyenmax.com,12,12,0
.nettruyento.com,1,1,0
.newegg.com,51,69,18
.newgrounds.com,3,3,0
.newrelic.com,1,144,143
.newrelic.com,1,1,0
.news.com.au,281,245,36
.news18.com,#N/A,45,#N/A
.news24.com,48,48,0
.newtoki302.com,#N/A,11,#N/A
.newtoki302.com,#N/A,11,#N/A
.newtoki302.com,#N/A,11,#N/A
.newtoki302.com,#N/A,11,#N/A
.newyorker.com,146,137,9
.nexon.com,46,48,2
.nextdoor.com,104,103,1
.nfl.com,215,206,9
.ngenix.net,11,15,4
.ngenix.net,11,15,4
.ngs.ru,8,148,140
.nhattruyenmin.com,12,12,0
.nhl.com,85,88,3
.nianticlabs.com,8,8,0
.nic.io,5,5,0
.nicovideo.jp,670,404,266
.nielsen.com,13,13,0
.nifty.com,96,208,112
.nike.com,219,209,10
.nikkei.com,32,32,0
.ning.com,27,28,1
.nintendo.com,100,98,2
.nitropay.com,27,27,0
.nj.com,225,268,43
.nj.gov,56,54,2
.njuskalo.hr,15,15,0
.noaa.gov,23,23,0
.nobelprize.org,24,24,0
.noodlemagazine.com,16,16,0
.nordstrom.com,3,3,0
.nordvpn.com,48,48,0
.norton.com,25,25,0
.nota.media,69,68,1
.note.com,25,21,4
.notion.site,157,137,20
.notion.so,140,148,8
.novostivl.ru,31,52,21
.npmjs.com,1,1,0
.npr.org,58,62,4
.npr.org,58,60,2
.nr-data.net,68,16,52
.nsf.gov,63,63,0
.nsw.gov.au,104,89,15
.nubank.com.br,42,44,2
.nus.edu.sg,23,23,0
.nvidia.com,166,176,10
.nvidia.com,166,109,57
.ny.gov,17,13,4
.nyc.gov,18,24,6
.nydailynews.com,2,1,1
.nymag.com,136,136,0
.nytimes.com,653,117,536
.nytimes.com,653,116,537
.nytimes.com,653,111,542
.nytimes.com,653,70,583
.nzherald.co.nz,182,149,33
.oculus.com,6,8,2
.oecd.org,287,293,6
.ohchr.org,23,23,0
.ok.ru,52,53,1
.okdiario.com,#N/A,4,#N/A
.olx.com.br,147,140,7
.olx.pl,77,77,0
.olx.ua,90,86,4
.olympics.com,89,73,16
.omegle.com,10,10,0
.one.com,13,15,2
.one.com,13,13,0
.one.com,13,11,2
.one.com,13,11,2
.onesignal.com,70,77,7
.onesignal.com,70,60,10
.onesignal.com,70,33,37
.onesignal.com,70,23,47
.onesignal.com,70,17,53
.onesignal.com,70,6,64
.onlyfans.com,10,6,4
.opendns.com,23,23,0
.opendns.com,23,23,0
.opensea.io,44,48,4
.opensource.org,7,7,0
.opentable.com,91,69,22
.openweb.com,49,55,6
.opera.com,38,43,5
.opera.com,38,42,4
.opera.com,38,40,2
.opera.com,38,38,0
.oracle.com,59,63,4
.oracle.com,59,53,6
.oracle.com,59,45,14
.oracle.com,59,45,14
.oracle.com,59,40,19
.oracle.com,59,31,28
.orange.fr,25,33,8
.orange.fr,25,25,0
.oregonlive.com,259,439,180
.oregonstate.edu,63,62,1
.orf.at,3,6,3
.oricon.co.jp,53,51,2
.osha.gov,14,14,0
.otomoto.pl,19,19,0
.otto.de,4,4,0
.otzovik.com,2,2,0
.ouest-france.fr,20,19,1
.outbrain.com,24,24,0
.outbrain.com,24,24,0
.outlookindia.com,135,197,62
.over-blog.com,3,3,0
.ovhcloud.com,14,14,0
.ovhcloud.com,14,14,0
.ozon.ru,11,11,0
.ozon.ru,11,11,0
.pa.gov,25,25,0
.paddypower.com,28,18,10
.padlet.com,69,119,50
.pages.lumentech.com,62,65,3
.pages.thetradedesk.com,31,31,0
.paloaltonetworks.com,57,52,5
.panasonic.com,21,19,2
.pandasecurity.com,27,27,0
.parallels.com,89,81,8
.paramountplus.com,18,18,0
.pardot.com,36,30,6
.pardot.com,36,30,6
.pardot.com,36,30,6
.parse.ly,16,16,0
.patreon.com,19,19,0
.paylocity.com,104,88,16
.paypal.com,80,62,18
.paypal.com,80,62,18
.paypal.com,80,62,18
.paypal.com,80,26,54
.paytm.com,7,7,0
.pbase.com,1,1,0
.pccc.com,12,12,0
.pch.com,#N/A,1,#N/A
.pchome.com.tw,142,109,33
.pcmag.com,78,77,1
.pcworld.com,51,51,0
.pdffiller.com,20,20,0
.pearson.com,569,187,382
.peatix.com,14,14,0
.pendo.io,119,124,5
.people.com,34,34,0
.perl.com,10,10,0
.perl.org,16,16,0
.personalcreations.com,328,229,99
.pexels.com,36,32,4
.pgg.people.com.cn,90,74,16
.philips-hue.com,43,40,3
.php.net,2,2,0
.php.net,2,2,0
.phpbb.com,7,7,0
.piano.io,648,394,254
.piano.io,648,218,430
.piano.io,648,57,591
.piano.io,648,51,597
.piccoma.com,122,122,0
.pikabu.ru,56,107,51
.pingdom.com,94,87,7
.pitneybowes.com,87,85,2
.pitt.edu,9,7,2
.pixabay.com,41,41,0
.pixabay.com,41,41,0
.pki.goog,3,3,0
.pki.goog,3,3,0
.pki.goog,3,3,0
.plesk.com,2,2,0
.plos.org,3,3,0
.pnas.org,50,52,2
.pnc.com,137,152,15
.podbean.com,2,2,0
.pof.com,23,25,2
.politico.eu,102,108,6
.popsci.com,61,55,6
.pornhat.com,48,49,1
.pornhat.one,50,48,2
.pornhub.com,9,9,0
.pornhub.com,9,9,0
.porno365.pics,2,2,0
.poste.it,#N/A,29,#N/A
.postgresql.org,6,6,0
.postman.com,4,4,0
.powerbi.com,11,11,0
.ppomppu.co.kr,78,89,11
.prestashop.com,50,54,4
.prezi.com,26,24,2
.priceline.com,38,42,4
.primevideo.com,9,9,0
.primevideo.com,9,9,0
.primevideo.com,9,9,0
.princeton.edu,20,20,0
.prismamedia.com,7,7,0
.prnewswire.com,43,38,5
.progressive.com,71,68,3
.proofpoint.com,117,136,19
.propublica.org,56,55,1
.protothema.gr,36,36,0
.prweb.com,80,75,5
.pscp.tv,20,20,0
.psu.edu,45,35,10
.psychcentral.com,1,3,2
.ptt.cc,12,12,0
.pub.network,242,165,77
.pub.network,242,87,155
.pub.network,242,13,229
.public.app,30,30,0
.pubnative.net,15,15,0
.pubnub.com,74,72,2
.pushnami.com,28,36,8
.pwc.com,38,38,0
.python.org,15,15,0
.qiniu.com,40,40,0
.qq.com,15,17,2
.qq.com,15,17,2
.qq.com,15,15,0
.quantcast.com,11,11,0
.quora.com,48,48,0
.quora.com,48,48,0
.qvc.com,359,328,31
.rackspace.com,77,75,2
.rackspace.com,77,75,2
.rackspace.com,77,73,4
.radar.cloudflare.com,1,1,0
.radar.cloudflare.com,1,1,0
.rakuten.co.jp,206,195,11
.rakuten.co.jp,206,166,40
.rambler.ru,113,103,10
.rambler.ru,113,101,12
.raptive.com,15,15,0
.raspberrypi.org,21,21,0
.razer.com,88,90,2
.razer.com,88,90,2
.razorpay.com,80,80,0
.rbc.ua,281,208,73
.rd.com,22,22,0
.readmanga.live,1,1,0
.readthedocs.org,1,1,0
.realestate.com.au,225,136,89
.realsrv.com,244,370,126
.realsrv.com,244,35,209
.realsrv.com,244,31,213
.realsrv.com,244,2,242
.realsrv.com,244,2,242
.reclameaqui.com.br,208,137,71
.redbubble.com,20,20,0
.redcross.org,147,147,0
.reddit.com,33,33,0
.reddit.com,33,29,4
.reddit.com,33,29,4
.reddit.com,33,23,10
.redirectiontool.trafficmanager.net,10,10,0
.redis.com,15,17,2
.redtube.com,13,13,0
.register.com,75,68,7
.register.it,#N/A,14,#N/A
.registry.co.com,#N/A,6,#N/A
.rei.com,173,184,11
.remotepc.com,69,58,11
.reolink.com,44,54,10
.repubblica.it,42,42,0
.researchgate.net,38,40,2
.researchgate.net,38,38,0
.resources.bazaarvoice.com,20,20,0
.respawn.com,15,15,0
.revenuecat.com,#N/A,71,#N/A
.reverbnation.com,12,10,2
.reverso.net,24,24,0
.rezka.ag,26,33,7
.ria.com,47,43,4
.rice.edu,10,10,0
.ring.com,70,70,0
.ring.com,70,70,0
.ringcentral.com,63,61,2
.ringcentral.com,63,57,6
.ripe.net,1,1,0
.riskified.com,33,33,0
.robinhood.com,1,1,0
.roblox.com,4,5,1
.roblox.com,4,5,1
.roblox.com,4,5,1
.rockstargames.com,27,27,0
.roku.com,14,12,2
.roku.com,14,12,2
.routledge.com,130,122,8
.rspamd.com,6,6,0
.rst.ua,37,37,0
.rt-solar.ru,77,89,12
.rt-solar.ru,77,12,65
.rt-solar.ru,77,12,65
.rt.com,39,40,1
.rtl.de,13,11,2
.ruangguru.com,44,54,10
.rule34.xxx,1,1,0
.rule34video.com,37,36,1
.ruliweb.com,97,108,11
.rumble.com,19,19,0
.runescape.com,7,7,0
.ryanair.com,11,11,0
.s7.ru,44,50,6
.sabah.com.tr,#N/A,36,#N/A
.safety.google,12,12,0
.sage.com,203,191,12
.sahibinden.com,10,10,0
.sakura.ad.jp,35,37,2
.salesforce.com,66,73,7
.salesforce.com,66,73,7
.salesforce.com,66,71,5
.salesforce.com,66,59,7
.salesforce.com,66,58,8
.salesforce.com,66,40,26
.salesforce.com,66,35,31
.salesforce.com,66,35,31
.salonboard.com,76,74,2
.same.eastmoney.com,86,86,0
.samsclub.com,262,246,16
.santander.com.br,118,112,6
.sap.com,56,56,0
.sapsf.com,63,59,4
.sarkariresult.com,57,106,49
.sattaking.vip,42,42,0
.saveinsta.app,18,43,25
.sba.gov,16,16,0
.schneier.com,5,5,0
.schneier.com,5,5,0
.schwab.com,147,139,8
.science.org,110,104,6
.sciencedaily.com,8,8,0
.sciencedirect.com,69,60,9
.sciencedirect.com,69,60,9
.sciencemag.org,104,102,2
.scmp.com,114,101,13
.scoop.it,17,17,0
.scorecardresearch.com,255,357,102
.scorecardresearch.com,255,265,10
.scorecardresearch.com,255,235,20
.scorecardresearch.com,255,161,94
.scorecardresearch.com,255,154,101
.scorecardresearch.com,255,151,104
.scorecardresearch.com,255,92,163
.scorecardresearch.com,255,80,175
.scorecardresearch.com,255,68,187
.scorecardresearch.com,255,65,190
.scorecardresearch.com,255,33,222
.scorecardresearch.com,255,29,226
.scorecardresearch.com,255,28,227
.scorecardresearch.com,255,22,233
.scorecardresearch.com,255,21,234
.scorecardresearch.com,255,16,239
.scorecardresearch.com,255,6,249
.scorecardresearch.com,255,6,249
.scorecardresearch.com,255,5,250
.scribd.com,45,45,0
.scribd.com,45,8,37
.script.ac,17,17,0
.seattletimes.com,201,194,7
.sec.gov,24,24,0
.secureserver.net,28,27,1
.sedo.com,5,5,0
.seek.com.au,85,74,11
.segment.com,16,13,3
.segment.com,16,13,3
.semana.com,299,256,43
.semrush.com,9,9,0
.senate.gov,31,28,3
.serasa.com.br,42,42,0
.server.cpmstar.com,8,8,0
.service-public.fr,14,14,0
.servicenow.com,178,179,1
.sex4arab.xxx,48,48,0
.sexalarab.com,34,34,0
.sexvid.pro,27,27,0
.sexvid.xxx,27,27,0
.seznam.cz,67,55,12
.shareasale.com,27,35,8
.sharethrough.com,34,34,0
.shein.com,229,223,6
.shipt.com,3,3,0
.shopee.com,16,16,0
.shopify.com,12,16,4
.shopify.com,12,12,0
.siemens.com,2,2,0
.siemens.com,2,2,0
.similarweb.com,45,52,7
.simontok.world,10,18,8
.simontok.world,10,18,8
.simplecloud.ru,27,34,7
.sina.cn,112,84,28
.sina.com.cn,107,144,37
.sina.com.cn,107,140,33
.siteground.com,33,33,0
.siteground.com,33,33,0
.sitemaps.org,12,12,0
.skelbiu.lt,37,37,0
.skillsoft.com,#N/A,74,#N/A
.skipthegames.com,2,2,0
.skokka.com,12,12,0
.sky.com,210,213,3
.skypicker.com,52,50,2
.skyrock.com,18,14,4
.skysports.com,30,28,2
.skysports.com,30,26,4
.slack.com,24,26,2
.slack.com,24,26,2
.slate.com,#N/A,144,#N/A
.slickdeals.net,639,201,438
.slickstream.com,23,23,0
.slideshare.net,9,9,0
.slideshare.net,9,9,0
.smallpdf.com,19,25,6
.smartasset.com,72,75,3
.smartsheet.com,47,50,3
.smh.com.au,526,372,154
.smugmug.com,2,2,0
.snapchat.com,4,4,0
.snapchat.com,4,4,0
.snapchat.com,4,4,0
.snapinsta.app,42,39,3
.snaptik.app,67,38,29
.snigelweb.com,11,11,0
.snopes.com,36,36,0
.so-net.ne.jp,123,113,10
.softonic.com,20,20,0
.softpedia.com,7,7,0
.softwareadvice.com,27,29,2
.sohu.com,45,44,1
.sohu.com,45,44,1
.sonobi.com,25,25,0
.sonos.com,39,43,4
.sony.com,75,74,1
.soundcloud.com,36,36,0
.soundcloud.com,36,34,2
.soundcloud.com,36,34,2
.sovcombank.ru,2,2,0
.spamhaus.org,12,12,0
.spankbang.com,57,148,91
.spankbang.party,181,193,12
.spboss.net,3,3,0
.spectrum.net,88,89,1
.spiegel.de,33,33,0
.split.io,67,72,5
.sportradarserving.com,7,7,0
.sportskeeda.com,19,21,2
.spotify.com,10,24,14
.spotify.com,10,24,14
.spotify.com,10,24,14
.spreaker.com,18,18,0
.sprig.com,#N/A,76,#N/A
.springer.com,4,4,0
.springer.com,4,4,0
.sprint.com,363,374,11
.sprinthost.ru,37,45,8
.squareup.com,64,56,8
.squareup.com,64,54,10
.ssrn.com,29,29,0
.ssstik.io,12,12,0
.stackexchange.com,23,23,0
.stackoverflow.com,3,3,0
.stackoverflow.com,3,3,0
.stanford.edu,35,31,4
.stanford.edu,35,31,4
.staples.com,34,55,21
.starbucks.com,47,40,7
.starfieldtech.com,12,8,4
.starmakerstudios.com,9,9,0
.startribune.com,182,167,15
.staseraintv.com,#N/A,82,#N/A
.statcounter.com,22,22,0
.statefarm.com,125,120,5
.statista.com,15,15,0
.statista.com,15,13,2
.stern.de,3,10,7
.store.epicgames.com,19,19,0
.store.epicgames.com,19,19,0
.store.epicgames.com,19,19,0
.storysaver.net,50,51,1
.strava.com,6,5,1
.streamable.com,31,32,1
.stripchat.com,127,129,2
.study.com,19,19,0
.stuff.co.nz,215,205,10
.stumbleupon.com,12,12,0
.subito.it,28,30,2
.success.qualtrics.com,243,321,78
.supercell.com,15,15,0
.superhosting.bg,35,37,2
.supjav.com,52,53,1
.surfshark.com,27,27,0
.surriel.com,1,1,0
.surveymonkey.com,40,28,12
.surveymonkey.com,40,28,12
.sweb.ru,38,43,5
.sweb.ru,38,43,5
.syosetu.com,144,79,65
.t-mobile.com,373,395,22
.t-mobile.com,373,394,21
.t.co,1,1,0
.t.co,1,1,0
.t.co,1,1,0
.tabelog.com,68,66,2
.tableau.com,20,20,0
.tagesschau.de,#N/A,8,#N/A
.tagesspiegel.de,13,13,0
.tailscale.com,#N/A,44,#N/A
.takeaway.com,9,9,0
.tamilyogi.band,146,141,5
.tamu.edu,#N/A,48,#N/A
.tanium.com,115,116,1
.taobao.com,130,128,2
.taobao.com,130,122,8
.tapad.com,18,17,1
.target.com,40,41,1
.tasteofhome.com,24,24,0
.tasty.co,54,53,1
.tawk.to,50,44,6
.tdameritrade.com,94,86,8
.teachable.com,86,87,1
.teacherspayteachers.com,45,42,3
.tealiumiq.com,10,10,0
.teamviewer.com,21,21,0
.teamviewer.com,21,21,0
.techcrunch.com,2,1,1
.techcrunch.com,2,1,1
.technologyreview.com,101,98,3
.techtarget.com,30,27,3
.telegraaf.nl,6,6,0
.telegraph.co.uk,120,116,4
.telegraph.co.uk,120,116,4
.telenet.be,1503,1445,58
.telone.co.zw,5,5,0
.telus.com,315,223,92
.temu.com,24,16,8
.tenable.com,80,76,4
.tenable.com,80,76,4
.tenki.jp,389,290,99
.tesco.com,51,48,3
.tesla.cn,37,26,11
.tesla.com,38,47,9
.tesla.com,38,44,6
.tfl.gov.uk,32,25,7
.tgju.org,30,32,2
.thawte.com,161,58,103
.theage.com.au,598,205,393
.theathletic.com,63,62,1
.theatlantic.com,94,94,0
.thebalancemoney.com,36,36,0
.theconversation.com,31,31,0
.theepochtimes.com,190,195,5
.thefreedictionary.com,21,19,2
.theglobeandmail.com,182,174,8
.theguardian.com,11,7,4
.theguardian.com,11,5,6
.theguardian.com,11,5,6
.thehill.com,11,11,0
.thehindu.com,119,107,12
.theknot.com,129,122,7
.themegrill.com,15,15,0
.thenai.org,12,12,0
.thenai.org,12,12,0
.thenextweb.com,14,14,0
.thepennyhoarder.com,78,79,1
.theregister.com,3,3,0
.theregister.com,3,3,0
.thesaurus.com,#N/A,21,#N/A
.thespruce.com,43,43,0
.thestar.com,148,151,3
.thetimes.co.uk,69,53,16
.theweathernetwork.com,143,90,53
.thinkwithgoogle.com,17,17,0
.thisvid.com,31,30,1
.thoughtco.com,36,36,0
.thousandeyes.com,48,102,54
.thunderbird.net,6,6,0
.ti.com,30,30,0
.ticketmaster.com,138,136,2
.tidal.com,22,22,0
.tiktok.com,53,39,14
.tiktok.com,53,31,22
.tiktok.com,53,27,26
.tiktok.com,53,17,36
.time.com,112,90,22
.time.com,112,71,41
.timeanddate.com,3,3,0
.timeout.com,68,62,6
.timesofisrael.com,41,61,20
.tinkoff.ru,103,105,2
.tiny.cc,5,6,1
.tinyurl.com,37,38,1
.tinyurl.com,37,38,1
.tizen.org,6,6,0
.tjk.org,11,11,0
.tmall.com,#N/A,289,#N/A
.tmohentai.com,52,46,6
.today.com,215,201,14
.togetter.com,119,101,18
.top.host,47,52,5
.topmanhua.com,66,52,14
.toyota.com,131,150,19
.tradingview.com,9,9,0
.tradingview.com,9,9,0
.tradplusad.com,6,6,0
.translate-pa.googleapis.com,38,4,34
.transportation.gov,61,45,16
.travelandleisure.com,34,36,2
.traveloka.com,84,90,6
.treasury.gov,47,34,13
.treehugger.com,29,23,6
.trellix.com,183,153,30
.trellix.com,183,140,43
.trello.com,33,33,0
.trendmicro.com,156,195,39
.trendmicro.com,156,156,0
.trendyol.com,30,30,0
.tribunnews.com,354,259,95
.trifle.net,12,12,0
.tripadvisor.co.uk,36,42,6
.tripadvisor.com,50,46,4
.tripadvisor.com,50,44,6
.tripod.lycos.com,12,13,1
.trustpilot.com,20,19,1
.trustpilot.com,20,19,1
.truyenfull.vn,44,42,2
.truyenqqq.vn,16,16,0
.tsyndicate.com,41,84,43
.ttd-a.com,12,12,0
.tubidy.watch,1,1,0
.tubidy.watch,1,1,0
.tucows.com,20,20,0
.tunein.com,68,56,12
.turbify.com,13,12,1
.turbo.az,43,47,4
.turkiye.gov.tr,6,6,0
.tutu.ru,208,196,12
.tvonenews.com,269,112,157
.tvtropes.org,18,18,0
.twilio.com,14,14,0
.twitch.tv,45,34,11
.twitch.tv,45,32,13
.twitter.com,13,27,14
.twitter.com,13,11,2
.twitter.com,13,9,4
.txxx.com,29,52,23
.typeform.com,22,22,0
.typeform.com,22,22,0
.typepad.com,29,29,0
.ubc.ca,15,15,0
.ubereats.com,26,20,6
.ubuntu.com,2,2,0
.ubuntu.com,2,2,0
.ucdavis.edu,89,88,1
.ucl.ac.uk,21,21,0
.ucloud.cn,8,8,0
.ucoz.net,30,21,9
.ucoz.ru,19,23,4
.ucsf.edu,36,36,0
.udemy.com,71,72,1
.uefa.com,45,48,3
.uga.edu,33,24,9
.ui.com,38,37,1
.ui.com,38,37,1
.uic.edu,25,21,4
.uiowa.edu,33,35,2
.uisp.com,23,25,2
.uk.store.synology.com,17,17,0
.ukr.net,160,44,116
.ultimate-guitar.com,25,26,1
.umeng.com,#N/A,32,#N/A
.uminet.ru,14,18,4
.undp.org,41,41,0
.unep.org,33,31,2
.unfccc.int,27,28,1
.unhcr.org,33,38,5
.unicef.org,62,65,3
.unilever.com,17,19,2
.uniqlo.com,73,67,6
.unity3d.com,19,18,1
.unity3d.com,19,18,1
.unotv.com,226,118,108
.unpkg.com,12,12,0
.uol.com.br,175,345,170
.uoregon.edu,43,41,2
.upenn.edu,15,15,0
.upi.com,28,33,5
.ups.com,309,294,15
.ups.com,309,278,31
.upstart.com,3,3,0
.upwork.com,152,172,20
.uribl.com,6,6,0
.usa.gov,58,58,0
.usaa.com,17,17,0
.usatoday.com,21,21,0
.usatoday.com,21,21,0
.usbank.com,197,193,4
.uscis.gov,52,52,0
.usda.gov,52,48,4
.useinsider.com,39,47,8
.usembassy.gov,#N/A,28,#N/A
.userreport.com,49,49,0
.userway.org,12,12,0
.usf.edu,22,18,4
.usnews.com,79,79,0
.usocial.pro,27,33,6
.usp.br,17,16,1
.uspto.gov,22,14,8
.utdallas.edu,39,28,11
.utexas.edu,16,16,0
.utoronto.ca,19,19,0
.uwaterloo.ca,30,48,18
.value-domain.com,#N/A,42,#N/A
.vanderbilt.edu,20,20,0
.vanityfair.com,141,129,12
.vedomosti.ru,37,42,5
.venmo.com,33,31,2
.ventraip.com.au,39,35,4
.vercara.com,81,85,4
.verizon.com,115,111,4
.verizon.com,115,109,6
.verizon.com,115,109,6
.verizon.com,115,106,9
.verve.com,17,17,0
.verywellhealth.com,25,25,0
.verywellmind.com,29,27,2
.vg.no,32,34,2
.victoriassecret.com,162,159,3
.video.az,27,31,4
.videolan.org,3,3,0
.vietnamnet.vn,#N/A,199,#N/A
.viki.com,47,48,1
.vimeo.com,98,180,82
.vimeo.com,98,118,20
.vimeo.com,98,101,3
.vimeo.com,98,77,21
.vimeo.com,98,69,29
.vimeo.com,98,69,29
.vimeo.com,98,68,30
.vimeo.com,98,60,38
.vimeo.com,98,40,58
.vimeo.com,98,37,61
.vimeo.com,98,36,62
.vimeo.com,98,34,64
.vimeo.com,98,31,67
.vimeo.com,98,29,69
.vimeo.com,98,18,80
.vimeo.com,98,16,82
.vimeo.com,98,16,82
.vimeo.com,98,8,90
.vimeo.com,98,4,94
.vinted.fr,83,79,4
.visa.com,27,26,1
.vivo.com,14,14,0
.vivo.com,14,7,7
.vjav.com,28,46,18
.vk.com,40,44,4
.vk.com,40,44,4
.vk.com,40,44,4
.vk.com,40,42,2
.vkontakte.ru,42,46,4
.vkplay.ru,19,49,30
.vmware.com,58,60,2
.vmware.com,58,45,13
.vnexpress.net,346,116,230
.vodafone.pt,188,200,12
.vogue.com,162,146,16
.volusion.com,19,21,2
.volvocars.com,38,39,1
.vrbo.com,351,279,72
.vrt.be,35,35,0
.vt.edu,41,43,2
.vtb.ru,247,276,29
.vwo.com,193,263,70
.w3.org,1,1,0
.w3.org,1,1,0
.w3.org,1,1,0
.wa.gov,12,12,0
.wa.link,6,6,0
.wallpapers.com,51,48,3
.wargaming.net,6,15,9
.warnerbros.com,19,19,0
.warnerbros.com,19,19,0
.washington.edu,71,71,0
.washington.edu,71,71,0
.washington.edu,71,69,2
.washingtonpost.com,244,249,5
.washingtonpost.com,244,181,63
.washingtontimes.com,175,150,25
.wattpad.com,53,53,0
.wayfair.com,107,78,29
.we-are-adot.com,18,18,0
.weather.com,99,103,4
.weather.com,99,102,3
.weather.gov,30,28,2
.web.com,87,80,7
.web.com,87,39,48
.web.dev,19,19,0
.webflow.com,63,39,24
.webflow.com,63,39,24
.webmd.com,50,48,2
.webmd.com,50,47,3
.website.webforms-here.com,6,6,0
.webtoons.com,13,17,4
.weebly.com,27,27,0
.weebly.com,27,27,0
.weibo.cn,1,1,0
.wellsfargo.com,250,253,3
.westernunion.com,205,155,50
.wetransfer.com,78,76,2
.wetter.com,1,1,0
.wetteronline.de,5,5,0
.whatismyip.li,16,16,0
.whitehouse.gov,26,26,0
.who.int,21,21,0
.who.int,21,21,0
.wikihow.com,25,23,2
.wikisach.net,111,147,36
.wildberries.ru,9,9,0
.wildberries.ru,9,9,0
.wildberries.ru,9,5,4
.wipo.int,51,51,0
.wired.com,146,146,0
.wired.com,146,136,10
.wireshark.org,#N/A,14,#N/A
.wistia.com,#N/A,61,#N/A
.wix.com,26,26,0
.wix.com,26,26,0
.woocommerce.com,36,36,0
.wordpress.com,19,18,1
.wordpress.com,19,18,1
.wordpress.com,19,18,1
.wordpress.com,19,18,1
.wordpress.com,19,18,1
.wordpress.com,19,18,1
.wordpress.org,8,8,0
.wordpress.org,8,8,0
.wordpress.org,8,8,0
.wordpress.org,8,8,0
.wordpress.org,8,8,0
.wordreference.com,8,8,0
.worldcat.org,37,58,21
.worldometers.info,79,71,8
.wp.pl,21,21,0
.wpengine.com,81,81,0
.wps.com,78,74,4
.ws.zoominfo.com,41,41,0
.ws.zoominfo.com,41,18,23
.wsj.com,113,117,4
.wsj.com,113,101,12
.wsj.com,113,101,12
.wufoo.com,13,19,6
.wunderground.com,35,35,0
.wunderkind.co,74,72,2
.ww.filmyfly.blog,91,84,7
.ww.filmyfly.blog,91,81,10
.www.1und1.net,4,4,0
.www.20minutos.es,40,32,8
.www.510623.com,3,3,0
.www.510623.com,3,3,0
.www.abc.es,116,114,2
.www.ad.nl,18,14,4
.www.ada.support,79,83,4
.www.agoda.com,28,28,0
.www.amagi.com,23,27,4
.www.ameba.jp,8,2,6
.www.apachelounge.com,84,85,1
.www.appier.com,3,3,0
.www.archives.gov,43,43,0
.www.aylanetworks.com,31,27,4
.www.bitrix24.uk,9,13,4
.www.bitrix24.uk,9,9,0
.www.bol.com,40,36,4
.www.bol.com,40,27,13
.www.bt.dk,18,18,0
.www.bytedance.com,2,2,0
.www.cbc.ca,202,183,19
.www.chargepoint.com,18,18,0
.www.cloudflare.com,1,1,0
.www.cloudns.net,21,21,0
.www.cloudns.net,21,21,0
.www.connectwise.com,263,272,9
.www.constantcontact.com,8,8,0
.www.control4.com,58,63,5
.www.conversantmedia.com,16,16,0
.www.conversantmedia.com,16,16,0
.www.daum.net,92,60,32
.www.digikala.com,198,189,9
.www.discogs.com,22,22,0
.www.entrust.net,10,12,2
.www.entrust.net,10,1,9
.www.eyeota.com,30,38,8
.www.fujitsu.com,26,26,0
.www.gamespot.com,19,20,1
.www.gamesradar.com,39,38,1
.www.garmin.com,13,13,0
.www.gazeta.pl,59,61,2
.www.gi-de.com,17,19,2
.www.gismeteo.ru,36,48,12
.www.glance.cx,25,25,0
.www.gob.mx,126,126,0
.www.gst.gov.in,1,1,0
.www.hhs.gov,123,123,0
.www.hln.be,16,12,4
.www.huffingtonpost.co.uk,81,65,16
.www.huffpost.com,83,89,6
.www.huffpost.com,83,85,2
.www.huffpost.com,83,68,15
.www.huffpost.com,83,64,19
.www.innervate.com,31,29,2
.www.ivideon.com,26,30,4
.www.kaiserpermanente.org,272,243,29
.www.knowbe4.com,79,85,6
.www.kuaishou.com,#N/A,6,#N/A
.www.lenovo.com,138,146,8
.www.linkedin.com,26,11,15
.www.linkedin.com,26,9,17
.www.linkedin.com,26,8,18
.www.linkfire.com,22,22,0
.www.livescience.com,43,38,5
.www.livescore.com,15,15,0
.www.lonelyplanet.com,62,62,0
.www.mckinsey.com,62,62,0
.www.meta.com,7,7,0
.www.mindbodyonline.com,90,88,2
.www.nbcuniversal.com,10,10,0
.www.netshoes.com.br,306,270,36
.www.nist.gov,15,19,4
.www.nist.gov,15,15,0
.www.nrk.no,22,22,0
.www.nu.nl,33,35,2
.www.olo.com,45,22,23
.www.onlinesbi.sbi,18,18,0
.www.politico.com,101,107,6
.www.pussyspace.com,8,8,0
.www.qualcomm.com,24,24,0
.www.rainbird.com,43,34,9
.www.redbull.com,15,15,0
.www.redhat.com,17,17,0
.www.rtve.es,109,106,3
.www.sciencealert.com,21,21,0
.www.scientificamerican.com,108,110,2
.www.scotsman.com,90,91,1
.www.simply.com,10,10,0
.www.smartthings.com,13,13,0
.www.space.com,39,38,1
.www.splunk.com,#N/A,184,#N/A
.www.ssa.gov,#N/A,31,#N/A
.www.stitcher.com,19,19,0
.www.suntimes.com,98,92,6
.www.techradar.com,45,46,1
.www.techsmith.com,71,71,0
.www.thecut.com,125,142,17
.www.toasttab.com,54,50,4
.www.tomsguide.com,39,38,1
.www.tomshardware.com,43,38,5
.www.unesco.org,285,197,88
.www.vdx.tv,26,24,2
.www.verint.com,16,16,0
.www.vice.com,47,52,5
.www.volkswagen-group.com,3,3,0
.www.vulture.com,166,142,24
.www.walmart.ca,511,419,92
.www.wisc.edu,26,26,0
.www.xbox.com,177,181,4
.www.xbox.com,177,54,123
.www.xbox.com,177,50,127
.www.xbox.com,177,42,135
.www.xbox.com,177,32,145
.www.yahoo.com,6,6,0
.www.zellepay.com,25,25,0
.www.zellepay.com,25,25,0
.www.zendesk.com,70,68,2
.www.zendesk.com,70,53,17
.www.zendesk.com,70,52,18
.wwwk.porno666.news,17,17,0
.wyndhamhotels.com,188,227,39
.xe.com,9,9,0
.xerox.com,3,3,0
.xfinity.com,309,328,19
.xfinity.com,309,306,3
.xfinity.com,309,304,5
.xfinity.com,309,298,11
.xfinity.com,309,292,17
.xhadult3.com,25,34,9
.xhamster.com,24,24,0
.xhamster.com,24,24,0
.xhamster.com,24,16,8
.xhamster.com,24,15,9
.xhamster.com,24,15,9
.xhamster.com,24,15,9
.xhamster.desi,24,17,7
.xhamster.desi,24,16,8
.xhamster1.desi,17,25,8
.xhamster2.com,16,25,9
.xhamsterlive.com,134,139,5
.xhwide1.com,20,20,0
.xiaohongshu.com,9,10,1
.ximalaya.com,10,10,0
.xklxsw.net,19,19,0
.xnxx.com,4,3,1
.xnxx.press,45,51,6
.xnxx.tv,4,4,0
.xnxx115.com,5,4,1
.xnxx2.com,4,4,0
.xnxx3.com,5,4,1
.xosodaiphat.com,24,32,8
.xserver.ne.jp,45,33,12
.xvideos.com,6,6,0
.xvideos.es,6,4,2
.xvideos2.com,7,7,0
.xvideos3.com,5,7,2
.xvideos4.com,5,5,0
.xvideos5.com,5,7,2
.xvideos53.com,7,6,1
.ya.ru,40,43,3
.ya.ru,40,43,3
.ya.ru,40,42,2
.ya.ru,40,42,2
.yadongkorea.org,10,10,0
.yadongkorea.red,8,8,0
.yadongtube.net,8,8,0
.yahoo.com,6,6,0
.yahoo.com,6,6,0
.yahoo.com,6,6,0
.yahoo.com,6,6,0
.yahoo.com,6,3,3
.yahooinc.com,51,48,3
.yahooinc.com,51,31,20
.yammer.com,4,4,0
.yandex.by,32,33,1
.yandex.com,15,20,5
.yandex.ru,13,86,73
.yandex.ru,13,56,43
.yandex.ru,13,43,30
.yandex.ru,13,20,7
.yatv.net,8,8,0
.yektanet.com,59,41,18
.yelp.com,23,23,0
.yelp.com,23,23,0
.yieldmo.com,41,41,0
.yle.fi,39,39,0
.ynet.co.il,135,147,12
.youm7.com,152,160,8
.youporn.com,30,28,2
.youradchoices.com,12,12,0
.youtu.be,12,11,1
.youtu.be,12,9,3
.youtu.be,12,9,3
.youtube-nocookie.com,81,82,1
.youtube-nocookie.com,81,35,46
.youtube-nocookie.com,81,9,72
.youtube.com,179,176,3
.youtube.com,179,134,45
.youtube.com,179,82,97
.youtube.com,179,80,99
.youtube.com,179,70,109
.youtube.com,179,55,124
.youtube.com,179,54,125
.youtube.com,179,49,130
.youtube.com,179,43,136
.youtube.com,179,34,145
.youtube.com,179,27,152
.youtube.com,179,27,152
.youtube.com,179,25,154
.youtube.com,179,22,157
.youtube.com,179,22,157
.youtube.com,179,19,160
.youtube.com,179,19,160
.youtube.com,179,18,161
.youtube.com,179,16,163
.youtube.com,179,16,163
.youtube.com,179,16,163
.youtube.com,179,14,165
.youtube.com,179,13,166
.youtube.com,179,13,166
.youtube.com,179,12,167
.youtube.com,179,10,169
.youtube.com,179,8,171
.youtube.com,179,8,171
.youtube.com,179,6,173
.youtube.com,179,3,176
.youtube.com,179,2,177
.youtube.com,179,2,177
.youtube.com,179,2,177
.youtube.com,179,2,177
.youtube.com,179,2,177
.ys7.com,9,8,1
.zalo.me,8,12,4
.zappos.com,69,71,2
.zara.com,101,111,10
.zbporn.tv,50,52,2
.zdf.de,12,12,0
.zdnet.com,19,19,0
.zebra.com,110,108,2
.zeit.de,22,22,0
.zemanta.com,30,32,2
.zemanta.com,30,32,2
.zend.com,51,51,0
.zeotap.com,18,29,11
.zerocdn.com,1,1,0
.zillow.com,102,91,11
.zingmp3.vn,44,46,2
.zinmanga.com,60,73,13
.ziprecruiter.com,13,13,0
.zoom.us,28,34,6
.zoom.us,28,34,6
.zoom.us,28,34,6
.zoom.us,28,34,6
.zoominfo.com,60,55,5
.zozo.jp,149,140,9
.zscaler.com,32,32,0
.zynga.com,15,15,0
11xplay.com,6,6,0
12ezo5v60.com,8,12,4
1984.is,3,3,0
1password.com,23,23,0
2gis.ae,33,37,4
2gis.ru,46,54,8
360safe.com,4,4,0
3m.com,260,243,17
500px.com,#N/A,32,#N/A
999.md,5,12,7
aa.com,187,184,3
ably.com,92,98,6
abola.pt,68,26,42
abovedomains.com,32,32,0
accenture.com,31,30,1
access.dotvndns.vn,1,1,0
accounts.google.com,14,5,9
accounts.google.com,14,5,9
acesso.gov.br,3,3,0
adfox.yandex.ru,12,19,7
adjust.com,11,11,0
admanmedia.com,3,3,0
admixer.com,321,224,97
adp.com,37,64,27
adrta.com,10,10,0
adsrvr.org,39,35,4
adsrvr.org,39,35,4
advertising.adobe.com,1,1,0
adxsrver.com,#N/A,22,#N/A
aenetgvtri.com,19,15,4
africastalking.com,49,53,4
airtable.com,51,51,0
ajax.systems,18,18,0
akamai.com,69,59,10
alidns.com,24,30,6
allaboutcookies.org,14,14,0
alphonso.tv,55,55,0
altervista.org,21,21,0
altibbi.com,48,51,3
amd.com,28,28,0
aniview.com,9,9,0
answers.com,26,26,0
anybunny.org,7,11,4
anyclip.com,18,18,0
anydesk.com,21,21,0
apartments.com,129,123,6
api.xtremepush.com,25,27,2
apnews.com,85,82,3
app.toutiao.com,1,1,0
apptimize.com,19,19,0
argos.co.uk,117,118,1
arstechnica.com,55,55,0
artfight.net,8,8,0
arxiv.org,2,2,0
as.com,101,103,2
asana.com,129,133,4
assets.tunnus.almamedia.fi,13,13,0
asura.nacm.xyz,54,85,31
asura.nacm.xyz,54,61,7
aternos.org,10,10,0
att.net,7,7,0
att.net,7,7,0
auctollo.com,2,2,0
auth0.com,21,21,0
automattic.com,8,8,0
av380.net,#N/A,2,#N/A
axkwmsivme.com,15,15,0
babssata.com,13,13,0
bakusai.com,22,22,0
banki.ru,137,138,1
basecamp.com,1,1,0
bb.com.br,#N/A,4,#N/A
bb.remuetaking.com,8,8,0
beget.com,49,58,9
beget.com,49,56,7
betika.com,50,65,15
betproexch.com,2,2,0
bh.contextweb.com,39,40,1
bikewale.com,30,30,0
bitnami.com,18,18,0
bizportal.shift4.com,#N/A,4,#N/A
blaze.com,37,36,1
blic.rs,269,178,91
blis.com,40,49,9
blog.atinternet.com,9,9,0
boardgamegeek.com,8,8,0
booking.com,58,183,125
britishairways.com,123,118,5
bt.yurokrelax.com,39,16,23
bunny.net,64,62,2
bunny.net,64,58,6
bunny.net,64,58,6
cafe24.com,39,37,2
caixa.gov.br,53,49,4
campaign-archive.com,4,4,0
caranddriver.com,58,61,3
carbonblack.io,15,15,0
cdn.house,13,14,1
cdnvideo.ru,53,58,5
cell.com,33,33,0
cern.ch,31,39,8
charter.com,4,4,0
chewy.com,192,304,112
churnzero.com,1,1,0
civicscience.com,37,35,2
clinch.co,18,21,3
clip2vip.com,48,52,4
cloud.hihonor.com,7,7,0
cloud.iboss.com,2,2,0
cntraveler.com,125,123,2
codepen.io,11,11,0
coinmarketcap.com,67,67,0
collider.com,38,40,2
columbia.edu,14,14,0
com.com,6,1,5
com.se,1,2,1
comodoca.com,59,58,1
computerworld.com,32,33,1
constantcontact.com,84,140,56
cookiedatabase.org,7,7,0
cookpad.com,30,26,4
coppel.com,1,1,0
corriere.it,156,141,15
cosmopolitan.com,55,59,4
cp.betweendigital.com,2,2,0
cp.vds-shop.com,12,16,4
cpanel.net,18,18,0
cpanel.net,18,18,0
cpanel.net,18,18,0
crunchbase.com,44,38,6
cryptology.com,32,30,2
csof.net,41,15,26
ct.gov,34,56,22
ct4.cloudtrax.com,#N/A,7,#N/A
curseforge.com,51,44,7
customer.io,#N/A,43,#N/A
cutt.ly,1,1,0
cxense.com,54,50,4
cybertronads.com,17,17,0
d.delivery.consentmanager.net,8,8,0
dan.com,17,17,0
daraz.com,14,14,0
datadome.co,121,117,4
ddnss.de,1,1,0
desixxxtube.info,12,22,10
dev.epicgames.com,18,18,0
dev.visualwebsiteoptimizer.com,129,91,38
dev.visualwebsiteoptimizer.com,129,80,49
dev.visualwebsiteoptimizer.com,129,72,57
dev.visualwebsiteoptimizer.com,129,33,96
dev.visualwebsiteoptimizer.com,129,33,96
developers.google.com,58,57,1
didiglobal.com,3,3,0
digitalspy.com,38,38,0
directnic.com,13,15,2
discord.com,#N/A,12,#N/A
discord.com,#N/A,12,#N/A
discord.com,#N/A,12,#N/A
discord.com,#N/A,12,#N/A
discord.com,#N/A,12,#N/A
disqus.com,95,100,5
disqus.com,95,94,1
diziwatch.net,2,2,0
dns.la,1,1,0
dnsdomen.com,1,1,0
dnsimple.com,40,40,0
dnstest.it.umich.edu,2,2,0
docusign.net,15,15,0
dom.ru,123,145,22
donmai.us,2,2,0
dotnet.microsoft.com,10,10,0
dotnet.microsoft.com,10,10,0
dotnet.microsoft.com,10,8,2
doublelist.com,104,102,2
draftystrike.com,3,3,0
dribbble.com,46,42,4
drudgereport.com,144,46,98
dtln.ru,44,41,3
dualeotruyenk.com,32,26,6
duckdns.org,81,81,0
duckdns.org,81,81,0
dvr163.com,1,1,0
dxc.com,122,103,19
dynamics.microsoft.com,28,28,0
e621.net,1,1,0
ea.com,32,32,0
ea.com,32,32,0
easybrain.com,3,3,0
ecnavi.jp,159,155,4
edg.io,3,3,0
edit.telegra.ph,1,1,0
een.com,16,16,0
ekstrabladet.dk,2,2,0
elisa.fi,25,25,0
elle.com,57,53,4
elpais.com,98,89,9
elperiodico.com,107,91,16
emarketerinc.us-7.evergage.com,20,20,0
en.forgeofempires.com,10,10,0
equativ.com,10,10,0
equativ.com,10,10,0
eroterest.net,20,21,1
ertelecom.ru,2,2,0
espncdn.com,78,78,0
esquire.com,55,55,0
etc.uz,20,22,2
etherscan.io,17,19,2
etoile.no,21,21,0
etoote.com,1,1,0
eu.com,19,19,0
europa.eu,10,8,2
europa.eu,10,8,2
europa.eu,10,6,4
ew.com,348,103,245
ex.co,1,1,0
exelator.com,1,1,0
fabguys.com,11,13,2
fabswingers.com,11,11,0
faitid.org,1,1,0
fantia.jp,18,18,0
fatalmodel.com,33,33,0
feednews.com,1,1,0
fetlife.com,3,3,0
fidelity.com,#N/A,555,#N/A
finam.ru,87,114,27
firebase.google.com,72,56,16
firebase.google.com,72,56,16
firebase.google.com,72,46,26
fiverr.com,46,46,0
flashtalking.com,7,7,0
fliphtml5.com,26,24,2
fontawesome.com,33,36,3
fonts.adobe.com,82,82,0
formstack.com,80,76,4
foxsports.com,158,141,17
fozzy.com,1,24,23
freeddns.noip.com,38,34,4
freeddns.noip.com,38,34,4
fsu.edu,44,42,2
funpay.com,1,1,0
game8.jp,54,58,4
gamerant.com,25,25,0
gdemoideti.ru,26,30,4
genius.com,64,60,4
getgreenshot.org,22,43,21
gimp.org,2,2,0
github.com,5,3,2
github.com,5,3,2
github.com,5,3,2
gitlab.gnome.org,6,6,0
gizmodo.com,96,90,6
global.canon,187,171,16
global.oup.com,323,315,8
globalnews.ca,176,146,30
gmu.edu,39,39,0
gmxvmvptfm.com,30,30,0
gmxvmvptfm.com,30,28,2
gnome.org,5,5,0
go.appsflyer.com,21,21,0
go.com,57,59,2
go.com,57,57,0
goal.co,#N/A,1,#N/A
godpvqnszo.com,50,56,6
godpvqnszo.com,50,27,23
godpvqnszo.com,50,20,30
godpvqnszo.com,50,11,39
godpvqnszo.com,50,10,40
goodhousekeeping.com,55,55,0
gosuslugi.ru,28,16,12
granbluefantasy.jp,69,66,3
groupon.com,104,98,6
hackerdoslot.com,1,1,0
hackerone.com,70,70,0
hanime1.me,85,49,36
harborfreight.com,131,129,2
harpersbazaar.com,49,52,3
hcaptcha.com,4,2,2
hdsex.pro,4,4,0
hentailib.me,48,52,4
herokuapp.com,26,27,1
herokuapp.com,26,27,1
heylink.me,29,32,3
hindixxxhd.com,#N/A,25,#N/A
hiring.amazon.com,112,92,20
hitomi.la,34,48,14
hola.org,22,22,0
holadns.com,2,2,0
holoo.fun,13,13,0
home-c52.nice-incontact.com,#N/A,62,#N/A
home.pl,1,1,0
honda.com,12,12,0
hootsuite.com,236,238,2
hootsuite.com,236,37,199
hoster.kz,30,38,8
hoster.ru,58,73,15
hungryroot.com,111,110,1
hvosting.ua,14,14,0
hyatt.com,12,12,0
hybrid.ai,26,40,14
i.h-t.co,23,27,4
iheart.com,4,4,0
imagemagick.org,35,30,5
imhentai.xxx,71,70,1
independent.co.uk,156,150,6
independent.co.uk,156,141,15
india.com,442,409,33
indiana.edu,110,109,1
infojobs.net,13,49,36
inonclbench.com,19,19,0
investor.vanguard.com,142,136,6
irdeto.com,#N/A,66,#N/A
isaidub3.co,89,90,1
itau.com.br,51,49,2
iu.edu,57,62,5
java.com,30,45,15
joyclub.de,6,6,0
jpush.cn,2,2,0
justhost.ru,38,47,9
jw.org,4,4,0
kahoot.it,11,11,0
kakao.com,25,25,0
kakuyomu.jp,46,95,49
kargo.com,43,43,0
kaspi.kz,2,2,0
khanacademy.org,22,22,0
kijiji.ca,111,91,20
kinja.com,#N/A,80,#N/A
knowyourmeme.com,29,29,0
kontur.ru,133,161,28
kooora.com,48,36,12
kotaku.com,103,95,8
kpmg.com,28,28,0
kremlin.ru,1,1,0
kxlogo.knet.cn,53,55,2
kxlogo.knet.cn,53,12,41
launchdarkly.com,51,51,0
launchdarkly.com,51,50,1
learn.microsoft.com,6,6,0
leetcode.com,18,18,0
lexisnexis.com,30,30,0
lg.co.kr,687,695,8
librefutboltv.com,14,14,0
libsyn.com,46,50,4
life360.com,178,190,12
lifehacker.com,86,74,12
lin.ee,1,1,0
line.me,13,13,0
line.me,13,13,0
list-manage.com,4,4,0
list-manage.com,4,4,0
list-manage1.com,4,4,0
listcrawler.eu,16,20,4
litnet.com,68,73,5
liveperson.net,38,8,30
login.dr.dk,25,25,0
login.forticloud.com,#N/A,7,#N/A
lsu.edu,15,15,0
luxuretv.com,12,12,0
macys.com,209,205,4
mainichi.jp,530,354,176
mangabuddy.com,11,11,0
mangago.me,198,202,4
mangakakalot.com,13,13,0
manganato.com,19,19,0
mariadb.org,25,25,0
matomo.org,2,2,0
matomo.org,2,2,0
matomo.www.gov.pl,3,3,0
mc.yandex.ru,1,5,4
mcgill.ca,24,24,0
mechacomic.jp,23,23,0
mediawiki.org,13,13,0
mega.nz,1,1,0
menshealth.com,52,55,3
meraki.cisco.com,27,25,2
meraki.cisco.com,27,25,2
merkur.de,123,73,50
meson.ai,32,36,4
meteofrance.com,15,15,0
metruyencv.com,10,10,0
mg.adskeeper.co.uk,#N/A,58,#N/A
mihanwebhost.com,15,16,1
mil.ru,26,31,5
mindbox.ru,37,37,0
mintnav.com,81,72,9
minzdrav.gov.ru,1,1,0
miro.com,39,39,0
mktoresp.com,1,1,0
mobile-tracker-free.com,1,1,0
mobilefuse.com,15,12,3
moe.video,15,17,2
moodle.org,9,9,0
motherless.com,15,25,10
msnbc.com,369,336,33
msu.edu,114,112,2
mts.ru,63,65,2
music-fa.com,13,13,0
my.games,9,9,0
myanimelist.net,105,87,18
mynavi.jp,19,19,0
mywot.com,48,44,4
nag.ru,20,24,4
nap.nationalacademies.org,27,31,4
nationalarchives.gov.uk,2,2,0
neilpatel.com,3,3,0
nerdwallet.com,40,40,0
news.cn,26,26,0
news.sportbox.ru,74,113,39
newsmax.com,24,31,7
newsroom.eclipse.org,#N/A,1,#N/A
nhentai.net,2,2,0
niu.edu,66,68,2
nodejs.org,1,1,0
northwestern.edu,38,46,8
nos.nl,15,17,2
novelusb.com,10,10,0
nurd.com,4,4,0
nutletcorvees.com,#N/A,18,#N/A
nypost.com,265,213,52
nypost.com,265,131,134
obilet.com,137,114,23
ohio.gov,109,77,32
ojogodobicho.com,72,69,3
olimpbet.kz,53,69,16
onefootball.com,59,57,2
onet.pl,237,200,37
onlar.az,2,2,0
openweathermap.org,22,22,0
oppomobile.com,17,17,0
orcid.org,23,23,0
origin.improvedigital.com,118,110,8
origin.improvedigital.com,118,98,20
osu.edu,983,951,32
osym.gov.tr,7,7,0
otm-r.com,56,57,1
outlook.live.com,#N/A,19,#N/A
outlook.live.com,#N/A,19,#N/A
outlook.live.com,#N/A,19,#N/A
outlook.live.com,#N/A,19,#N/A
outlook.live.com,#N/A,19,#N/A
outlook.live.com,#N/A,19,#N/A
outlook.live.com,#N/A,19,#N/A
pagesix.com,290,170,120
pananames.com,9,9,0
pasbstbovc.com,9,15,6
pastebin.com,11,11,0
patch.com,392,368,24
paycomonline.net,18,18,0
penguinrandomhouse.com,20,20,0
perfectdomain.com,306,298,8
photobucket.com,36,34,2
phys.org,47,41,6
piano.io,59,59,0
piano.io,59,59,0
picks.my,129,76,53
picrew.me,399,162,237
picsart.com,4,4,0
pixbet.com,29,34,5
pl21.blueconic.com,33,33,0
playrix.com,51,63,12
plex.tv,4,4,0
pluto.tv,31,28,3
plx.tukif.com,38,37,1
pod51500.office365.us,15,10,5
podcasters.spotify.com,#N/A,14,#N/A
pokemon.com,39,41,2
poki.com,6,6,0
polygon.com,24,20,4
popularmechanics.com,56,55,1
porkbun.com,273,278,5
pornkai.com,30,30,0
portal.dynect.net,16,20,4
portal.tds.net,17,17,0
portal.tds.net,17,17,0
portal.tds.net,17,17,0
portal.ultradns.com,13,13,0
poshmark.com,113,100,13
postimages.org,10,10,0
potsaglu.net,19,15,4
powerapps.microsoft.com,15,13,2
pp.ua,10,10,0
printercloud.com,37,37,0
profi.ru,70,73,3
profil.ladepeche.fr,41,41,0
profil.lindependant.fr,41,41,0
prtimes.jp,136,134,2
pruffme.com,19,23,4
ps.bahn.de,40,38,2
pt.cdctwm.com,49,47,2
pubmatic.com,264,242,22
pubmatic.com,264,238,26
pypi.org,20,20,0
quantummetric.com,82,91,9
queue.fnac.com,46,46,0
quickconnect.to,1,1,0
quillbot.com,131,116,15
quizizz.com,32,32,0
quizlet.com,69,73,4
r01.ru,21,25,4
rajshaladarpan.nic.in,1,1,0
ramp.accessibleweb.com,30,30,0
reasonlabs.com,47,42,5
receitatodahora.com.br,1,1,0
redirection.ubisoft.com,11,11,0
redirection.ubisoft.com,11,7,4
reference.com,70,39,31
refined.site,#N/A,6,#N/A
refinery29.com,63,57,6
reg.ru,134,142,8
reg.ru,134,60,74
registry.in,52,52,0
resource.digital.voice.va.gov,60,50,10
responder.wt.heise.de,#N/A,16,#N/A
revive.videobaba.xyz,9,11,2
rg.ru,57,91,34
richaudience.com,4,4,0
rochester.edu,21,19,2
rosintel.ru,7,11,4
roskazna.ru,16,20,4
rottentomatoes.com,44,53,9
royalmail.com,#N/A,22,#N/A
rsz.sk,29,31,2
rtbhouse.com,16,16,0
rttv.ru,2,2,0
ru.sex-studentki.guru,13,17,4
ru.sex-studentki.guru,13,17,4
run.admost.com,#N/A,140,#N/A
rutube.ru,70,82,12
rxeosevsso.com,#N/A,46,#N/A
sakaryasahibinden.com,3,3,0
salesforceliveagent.com,37,41,4
salesforceliveagent.com,37,37,0
salesforcescrt.com,8,37,29
samagra.gov.in,7,7,0
sameksscavage.com,17,16,1
samplicio.us,4,12,8
samsung.com,38,42,4
samsung.com,38,42,4
samsung.com,38,42,4
samsungapps.com,3,3,0
samsungelectronics.com,200,198,2
sas.com,65,94,29
satta-king-fast.com,7,7,0
sattamatka.care,6,6,0
sattasport.com,#N/A,36,#N/A
sav.com,101,105,4
sberbank.ru,15,21,6
sberdevices.ru,100,129,29
sberdevices.ru,100,107,7
sbis.ru,40,42,2
screenrant.com,38,39,1
script.dotmetrics.net,32,30,2
searchengineland.com,34,34,0
secure.logmein.com,22,24,2
seekingalpha.com,31,38,7
self.com,146,126,20
semanticscholar.org,89,87,2
sendpulse.com,33,35,2
sense.com,197,198,1
sephora.com,262,280,18
serverdata.net,28,28,0
servicewebly.com,145,153,8
sexemodel.com,6,6,0
sexhdxxx.com,10,8,2
sexvideos.host,176,199,23
sfr.fr,26,26,0
shahvani.com,16,16,0
sharethis.com,41,41,0
shinigami.id,12,12,0
shopee.co.id,90,84,6
shopee.co.th,59,72,13
shopee.com.br,63,51,12
shopee.com.my,66,100,34
shopee.ph,75,84,9
shopee.tw,74,64,10
shopee.vn,8,49,41
shrm.org,202,137,65
sinoptik.ua,88,89,1
site.com,48,67,19
siteforce.com,69,62,7
sketchfab.com,14,14,0
skyeng.ru,42,43,1
slashlib.me,37,41,4
smadex.com,23,23,0
smi2.ru,105,86,19
smilewanted.com,2,2,0
sogou.com,6,6,0
sonnen.de,13,13,0
sonnen.de,13,13,0
sophos.com,64,67,3
sophos.com,64,65,1
sourceforge.net,5,5,0
sourceforge.net,5,5,0
sport.es,88,98,10
sportradar.com,5,5,0
spotify.net,11,11,0
standard.co.uk,144,138,6
steamcommunity.com,3,3,0
store.steampowered.com,3,3,0
store.steampowered.com,3,3,0
stripe.com,1,1,0
stripe.com,1,1,0
studentaid.gov,144,104,40
studocu.com,71,75,4
substack.com,39,37,2
sueddeutsche.de,33,32,1
surbl.org,1,1,0
suumo.jp,139,137,2
sweetxladies.com,13,14,1
sxyprn.com,61,81,20
syosetu.org,82,56,26
t.me,2,2,0
t.me,2,2,0
tabor.ru,15,19,4
tandfonline.com,56,56,0
tbs.com,9,9,0
tcm.com,1592,1590,2
tele2.ru,248,234,14
telegram.me,2,2,0
telegram.me,2,2,0
telegram.org,1,1,0
telekom.de,47,45,2
teleprogramma.pro,41,49,8
templates.utah.edu,56,56,0
tenor.co,11,11,0
tenor.com,12,12,0
testbook.com,21,21,0
that-muscle.com,#N/A,11,#N/A
thelancet.com,29,29,0
themeforest.net,11,11,0
theqoo.net,2,2,0
theverge.com,138,123,15
tilda.cc,6,4,2
timesofindia.indiatimes.com,176,133,43
timeweb.com,22,34,12
timeweb.com,22,34,12
timeweb.com,22,34,12
timeweb.com,22,34,12
tinder.com,2,6,4
tinder.com,2,6,4
tntdrama.com,7,7,0
todoist.com,36,36,0
tokopedia.com,79,80,1
tondae.net,17,15,2
tongdun.net,173,150,23
tools.otenet.gr,3,3,0
toyhou.se,9,9,0
tracking.g2crowd.com,30,90,60
tracking.g2crowd.com,30,45,15
tradingeconomics.com,32,32,0
transcend.io,4,4,0
transip.nl,9,9,0
trilltrill.jp,520,327,193
triplelift.com,6,7,1
triplelift.com,6,7,1
trueconf.net,21,21,0
trustarc.com,26,26,0
tsn.ua,29,29,0
tvpixel.com,1,1,0
twnic.tw,#N/A,2,#N/A
uber.onelogin.com,11,11,0
ucommchat.unl.edu,39,114,75
ucweb.com,20,20,0
uh.edu,90,140,50
ui.com,35,35,0
ui.com,35,35,0
ui.com,35,34,1
uk-script.dotmetrics.net,52,48,4
uk.com,20,20,0
umbrella.cisco.com,30,30,0
unimelb.edu.au,12,12,0
unity.com,22,22,0
unity.com,22,18,4
univie.ac.at,3,3,0
unsplash.com,193,214,21
unsplash.com,193,206,13
uplandsoftware.com,1,1,0
upwitheaway.info,20,20,0
uq.edu.au,134,122,12
uranai.nosv.org,49,49,0
us.com,15,15,0
v-cloud.bio,1,1,0
variety.com,#N/A,134,#N/A
venturebeat.com,28,28,0
vercel.com,12,12,0
viafoura.com,#N/A,63,#N/A
vidazoo.com,8,8,0
video.ibm.com,27,28,1
vidoomy.com,32,32,0
visualstudio.microsoft.com,17,17,0
vl.xvideos98.xxx,3,3,0
vlxx.moe,3,3,0
walgreens.com,150,154,4
walmart.com,201,252,51
walmart.com,201,208,7
warthunder.com,#N/A,60,#N/A
waytohey.com,21,21,0
web.de,#N/A,13,#N/A
web.sexnhanh.co,27,27,0
webengage.com,97,101,4
webrootanywhere.com,70,70,0
webs.com,21,21,0
weibo.com,1,1,0
weibo.com,1,1,0
whos.amung.us,4,2,2
widget.1688.com,#N/A,184,#N/A
wikibooks.org,6,6,0
wikimedia.org,10,8,2
wikimedia.org,10,8,2
wikipedia.org,9,6,3
wikipedia.org,9,6,3
wikipedia.org,9,6,3
wikisource.org,13,11,2
wiktionary.org,8,8,0
wise.com,14,14,0
womenshealthmag.com,52,55,3
worldbank.org,81,80,1
wp.nic.do,4,2,2
wpa.b.qq.com,1,1,0
wpa.b.qq.com,1,1,0
ws.nperf.com,1,1,0
wshareit.com,23,23,0
wustl.edu,16,17,1
wuzbhjpvsf.com,47,16,31
ww2.xvideos98.pro,3,3,0
www.000webhost.com,32,28,4
www.1mg.com,208,183,25
www.20minutes.fr,#N/A,13,#N/A
www.360.cn,4,4,0
www.3bmeteo.com,12,8,4
www.4.cn,7,7,0
www.4funbox.com,56,52,4
www.69shu.com,9,11,2
www.aboutcookies.org,6,6,0
www.above.com,31,31,0
www.absher.sa,35,39,4
www.academia.edu,71,64,7
www.accuweather.com,62,67,5
www.accuweather.com,62,61,1
www.acm.org,3,3,0
www.adidas.com,150,193,43
www.adition.com,9,11,2
www.admin.ch,51,25,26
www.adroll.com,132,132,0
www.adultswim.com,28,28,0
www.adweek.com,150,144,6
www.aeroflot.ru,53,44,9
www.afternic.com,49,59,10
www.alarabiya.net,54,53,1
www.alchemer.com,1,1,0
www.allianz.de,34,34,0
www.alltrails.com,83,82,1
www.amarujala.com,55,51,4
www.amazon.co.jp,#N/A,1,#N/A
www.amazon.co.uk,#N/A,6,#N/A
www.anu.edu.au,26,23,3
www.appsflyer.com,19,19,0
www.appsflyer.com,19,19,0
www.arcxp.com,91,92,1
www.aruba.it,7,8,1
www.atlasobscura.com,51,59,8
www.au.com,80,79,1
www.autodesk.com,507,289,218
www.autotrader.com,47,130,83
www.auvik.com,19,19,0
www.avast.com,36,38,2
www.avast.com,36,36,0
www.avira.com,56,55,1
www.awin.com,68,65,3
www.bankofamerica.com,79,91,12
www.bartarinha.ir,35,31,4
www.bbcgoodfood.com,77,72,5
www.behance.net,33,53,20
www.behance.net,33,35,2
www.belkin.com,40,38,2
www.bell-labs.com,74,62,12
www.benzinga.com,221,135,86
www.bigcommerce.com,#N/A,165,#N/A
www.bigolive.tv,39,41,2
www.bitdefender.com,127,123,4
www.bitdefender.com,127,123,4
www.bitrix24.ru,70,75,5
www.bitrix24.ru,70,67,3
www.bittorrent.com,16,16,0
www.blizzard.com,12,12,0
www.bluestacks.com,28,28,0
www.bluewin.ch,127,129,2
www.bmw.com,6,6,0
www.bndes.gov.br,20,25,5
www.boeing.com,19,19,0
www.boredpanda.com,57,54,3
www.brightcloud.com,46,46,0
www.britishcouncil.org,71,76,5
www.buffalo.edu,24,22,2
www.buienradar.nl,54,58,4
www.businessinsider.com,37,7,30
www.businessinsider.com,37,1,36
www.bustle.com,34,28,6
www.byrpex.com,23,28,5
www.cafepress.com,44,45,1
www.canada.ca,50,43,7
www.canva.cn,#N/A,10,#N/A
www.capcut.com,14,14,0
www.cargurus.com,192,189,3
www.cars.com,289,264,25
www.cbr.com,37,39,2
www.cdek.ru,68,84,16
www.cengage.com,26,28,2
www.census.gov,137,142,5
www.cgtn.com,23,23,0
www.channelnewsasia.com,163,157,6
www.checkpoint.com,76,74,2
www.checkpoint.com,76,72,4
www.chordtela.com,191,55,136
www.chron.com,54,57,3
www.cisco.com,29,29,0
www.cisco.com,29,25,4
www.cityheaven.net,20,20,0
www.clarity.ms,249,88,161
www.clarity.ms,249,56,193
www.clarity.ms,249,37,212
www.clarity.ms,249,32,217
www.clarity.ms,249,23,226
www.clarity.ms,249,23,226
www.clarity.ms,249,23,226
www.classdojo.com,22,22,0
www.clickagy.com,3,3,0
www.clicktripz.com,2,2,0
www.cnr.it,24,40,16
www.cnrs.fr,7,7,0
www.coco.gg,30,30,0
www.coe.int,13,13,0
www.colamanhua.com,12,12,0
www.cookiebot.com,2,2,0
www.corel.com,50,53,3
www.costco.com,163,148,15
www.coursehero.com,49,68,19
www.crazyegg.com,29,17,12
www.credit-agricole.fr,16,16,0
www.criteo.com,41,17,24
www.criteo.com,41,17,24
www.criteo.com,41,17,24
www.criteo.com,41,17,24
www.criteo.com,41,17,24
www.csmonitor.com,116,120,4
www.cvs.com,16,16,0
www.cyberark.com,123,109,14
www.d-deltanet.com,80,61,19
www.dafont.com,1,1,0
www.dailydot.com,196,72,124
www.dailyrecord.co.uk,60,58,2
www.dailystar.co.uk,65,61,4
www.db.com,9,9,0
www.deltadna.net,16,16,0
www.derstandard.at,8,8,0
www.desjardins.com,37,33,4
www.destacamos.com,1,1,0
www.dhl.de,63,61,2
www.dickssportinggoods.com,12,12,0
www.dictionary.com,#N/A,21,#N/A
www.digitaleast.mobi,10,10,0
www.discoveryuk.com,#N/A,23,#N/A
www.dmca.com,34,34,0
www.dnaindia.com,592,350,242
www.docusign.com,32,35,3
www.dogdrip.net,55,48,7
www.domaintools.com,#N/A,65,#N/A
www.dominos.com,3,3,0
www.dondominio.com,2,2,0
www.douyin.com,47,54,7
www.douyin.com,47,49,2
www.doxygen.nl,5,3,2
www.dreamhost.com,34,30,4
www.dropbox.com,32,32,0
www.dropbox.com,32,32,0
www.dropbox.com,32,30,2
www.drugs.com,1,1,0
www.drupal.org,14,11,3
www.dto.jp,9,9,0
www.duolingo.com,66,62,4
www.dynamicyield.com,24,24,0
www.ea.com,19,18,1
www.easy.ac,1,1,0
www.easyjet.com,538,559,21
www.eater.com,21,23,2
www.ecobee.com,100,125,25
www.edmunds.com,48,46,2
www.ehow.com,33,33,0
www.elbalad.news,3,5,2
www.elespanol.com,93,88,5
www.enlightenment.org,11,11,0
www.entergy.com,86,94,8
www.entrepreneur.com,38,40,2
www.epam.com,67,76,9
www.eporner.com,55,44,11
www.erome.com,14,13,1
www.esa.int,2,2,0
www.espn.com,65,65,0
www.espn.com,65,65,0
www.espncricinfo.com,51,51,0
www.eurekalert.org,64,57,7
www.extra.cz,76,43,33
www.fanduel.com,168,195,27
www.fao.org,119,93,26
www.federalregister.gov,21,21,0
www.fedex.com,259,254,5
www.fifa.com,27,27,0
www.fisglobal.com,20,22,2
www.fitbit.com,55,52,3
www.flaticon.com,84,85,1
www.fmkorea.com,42,39,3
www.foodnetwork.com,56,49,7
www.fortinet.com,31,31,0
www.fortinet.com,31,31,0
www.france24.com,26,20,6
www.free.fr,10,10,0
www.free.fr,10,10,0
www.freepik.com,84,87,3
www.fuq.com,3,3,0
www.g2.com,51,12,39
www.gallup.com,4,4,0
www.gartner.com,240,144,96
www.gatech.edu,175,187,12
www.gazprombank.ru,90,187,97
www.gemius.pl,9,9,0
www.geny.com,8,8,0
www.gettyimages.co.uk,44,40,4
www.gigaset.com,14,14,0
www.globalsign.com,11,11,0
www.globalsign.com,11,11,0
www.gmx.net,13,13,0
www.goo.ne.jp,493,197,296
www.goodreads.com,12,13,1
www.goodreads.com,12,13,1
www.google.com,#N/A,1,#N/A
www.goojara.to,2,2,0
www.goto.com,58,56,2
www.goto.com,58,56,2
www.gov.br,3,3,0
www.gov.cn,8,8,0
www.gov.uk,#N/A,1,#N/A
www.gov.uk,#N/A,1,#N/A
www.gov.uk,#N/A,1,#N/A
www.haber7.com,#N/A,23,#N/A
www.haberler.com,63,67,4
www.hamshahrionline.ir,#N/A,30,#N/A
www.hbomax.com,35,35,0
www.hbomax.com,35,35,0
www.hdfcbank.com,3,2,1
www.heart.org,28,28,0
www.hetzner.com,#N/A,3,#N/A
www.hgtv.com,22,23,1
www.hostinger.com,1,2,1
www.hotpepper.jp,76,73,3
www.hotstar.com,14,14,0
www.houzz.com,12,12,0
www.hover.com,25,25,0
www.howtogeek.com,29,29,0
www.hoyoverse.com,33,33,0
www.hp.com,37,39,2
www.hp.com,37,39,2
www.huawei.com,#N/A,17,#N/A
www.huawei.com,#N/A,17,#N/A
www.hugedomains.com,30,30,0
www.huobi.com,111,115,4
www.hurriyet.com.tr,53,51,2
www.ibtimes.com,33,29,4
www.identrust.com,19,19,0
www.ieee.org,48,48,0
www.ign.com,131,146,15
www.iinet.net.au,35,35,0
www.ilo.org,174,72,102
www.immobilienscout24.de,16,16,0
www.index.hr,63,75,12
www.indiegogo.com,32,31,1
www.infomaniak.com,18,16,2
www.infomaniak.com,18,16,2
www.infonline.de,16,16,0
www.infonline.de,16,14,2
www.infoseek.co.jp,1091,259,832
www.ingenuitycloudservices.com,52,46,6
www.inmobi.com,3,3,0
www.inmotionhosting.com,4,4,0
www.innovid.com,26,28,2
www.innovid.com,26,27,1
www.inquirer.com,43,84,41
www.insider.com,7,24,17
www.instacart.com,132,126,6
www.intentiq.com,54,42,12
www.invisalign.com,#N/A,75,#N/A
www.ipcc.ch,13,13,0
www.iponweb.com,55,52,3
www.iso.org,21,21,0
www.iso.org,21,21,0
www.ispot.tv,121,120,1
www.istockphoto.com,36,36,0
www.itu.int,272,248,24
www.iubenda.com,8,8,0
www.ixxx.com,2,2,0
www.jagex.com,8,8,0
www.jalan.net,177,157,20
www.japantimes.co.jp,581,369,212
www.jedox.com,3,2,1
www.jio.com,31,31,0
www.jivosite.com,14,14,0
www.johnnys-web.com,14,14,0
www.jstor.org,43,43,0
www.just-eat.co.uk,8,8,0
www.justwatch.com,17,13,4
www.karnataka.gov.in,14,14,0
www.kaspersky.co.uk,53,49,4
www.kaspersky.co.uk,53,49,4
www.kayak.com,117,115,2
www.king.com,120,122,2
www.klarna.com,52,52,0
www.kleinanzeigen.de,26,34,8
www.kochava.com,99,95,4
www.kroger.com,440,517,77
www.kurir.rs,#N/A,45,#N/A
www.lavanguardia.com,#N/A,17,#N/A
www.leagueoflegends.com,10,10,0
www.leagueoflegends.com,10,10,0
www.learncbse.in,24,25,1
www.leercapitulo.com,25,19,6
www.leroymerlin.es,58,59,1
www.leroymerlin.fr,38,38,0
www.liberation.fr,18,18,0
www.lifehack.org,59,59,0
www.linkedin.com,14,24,10
www.linkedin.com,14,15,1
www.livedoor.com,57,34,23
www.liveinternet.ru,126,121,5
www.liverpoolecho.co.uk,64,60,4
www.livestrong.com,36,36,0
www.logitech.com,62,58,4
www.loopia.se,22,22,0
www.lu.se,2,2,0
www.made-in-china.com,164,153,11
www.mailerlite.com,3,3,0
www.makeuseof.com,40,40,0
www.manchestereveningnews.co.uk,69,59,10
www.manitu.de,5,5,0
www.manitu.de,5,3,2
www.manoramaonline.com,138,149,11
www.manyvids.com,87,90,3
www.maricopa.gov,50,50,0
www.marriott.com,145,153,8
www.marriott.com,145,137,8
www.marshmclennan.com,527,521,6
www.max.com,40,49,9
www.mcdonalds.com,46,46,0
www.medallia.com,#N/A,97,#N/A
www.mediarithmics.com,2,2,0
www.mediatek.com,21,21,0
www.meesho.com,108,108,0
www.meetup.com,26,26,0
www.mentalfloss.com,42,50,8
www.mercari.com,60,55,5
www.merriam-webster.com,142,88,54
www.michigan.gov,#N/A,29,#N/A
www.microsoft.com,25,37,12
www.microsoft.com,25,24,1
www.microsoft.com,25,24,1
www.microsoft.com,25,23,2
www.microsoft.com,25,21,4
www.microsoft.com,25,21,4
www.microsoft.com,25,20,5
www.microsoft.com,25,20,5
www.microsoft.com,25,19,6
www.microsoft.com,25,18,7
www.microsoft.com,25,17,8
www.microsoft.com,25,16,9
www.microsoft.com,25,12,13
www.mimecast.com,21,21,0
www.mimecast.com,21,21,0
www.minhngoc.net.vn,57,70,13
www.mintegral.com,13,9,4
www.mintegral.com,13,7,6
www.mirror.co.uk,79,76,3
www.mo.gov,15,17,2
www.mob.com,9,10,1
www.mobilityware.com,34,38,4
www.moloco.com,78,87,9
www.monster.com,20,90,70
www.mos.ru,25,59,34
www.mozilla.org,21,21,0
www.mozilla.org,21,21,0
www.mozilla.org,21,21,0
www.mozilla.org,21,18,3
www.mozilla.org,21,18,3
www.mozilla.org,21,18,3
www.mpg.de,7,7,0
www.msi.com,19,19,0
www.msu.ru,23,25,2
www.mtv.com,20,20,0
www.mvideo.ru,34,46,12
www.mycustomcase.com,38,37,1
www.mydlink.com,13,24,11
www.myfitnesspal.com,95,96,1
www.myfritz.net,6,6,0
www.myfritz.net,6,6,0
www.myharmony.com,1,1,0
www.myhostadmin.net,1,1,0
www.mynet.com,55,45,10
www.myqnapcloud.com,26,26,0
www.mysterium.network,8,8,0
www.nairaland.com,2,2,0
www.nalog.gov.ru,16,22,6
www.name.com,95,99,4
www.name.com,95,95,0
www.namebright.com,18,18,0
www.namecheap.com,36,38,2
www.nationalgeographic.com,68,66,2
www.nazwa.pl,64,48,16
www.nbcsports.com,20,20,0
www.ncsu.edu,229,233,4
www.ndr.de,6,7,1
www.nejm.org,93,118,25
www.netgear.com,168,159,9
www.netlify.com,134,138,4
www.netlify.com,134,100,34
www.netsuite.com,90,81,9
www.newsbreak.com,67,47,20
www.newsbreakapp.com,25,17,8
www.newscientist.com,#N/A,58,#N/A
www.newsweek.com,104,77,27
www.next.co.uk,246,232,14
www.nexusmods.com,33,34,1
www.nginx.com,37,41,4
www.nginx.com,37,29,8
www.nhs.uk,1,1,0
www.nic.ru,72,82,10
www.nic.ru,72,78,6
www.nic.ru,72,63,9
www.nicehash.com,14,14,0
www.ninisite.com,17,17,0
www.noip.com,32,34,2
www.noip.com,32,32,0
www.nokia.com,50,45,5
www.nps.gov,14,14,0
www.nuance.com,35,35,0
www.ocn.ne.jp,#N/A,82,#N/A
www.oddspark.com,169,154,15
www.odoo.com,5,5,0
www.office.com,21,23,2
www.office.com,21,21,0
www.office.com,21,19,2
www.office.com,21,19,2
www.office.com,21,17,4
www.office.com,21,11,10
www.okta.com,27,27,0
www.onenote.com,39,47,8
www.onenote.com,39,37,2
www.onlamp.com,#N/A,54,#N/A
www.openstreetmap.org,8,6,2
www.opensuse.org,3,1,2
www.openweb.com,51,49,2
www.optimizely.com,67,66,1
www.oracle.com,48,52,4
www.oracle.com,48,49,1
www.oracle.com,48,47,1
www.oray.com,36,30,6
www.oreilly.com,113,113,0
www.ouedkniss.com,23,25,2
www.ox.ac.uk,5,5,0
www.parklogic.com,10,10,0
www.pavietnam.vn,32,30,2
www.pcgamer.com,44,39,5
www.peacocktv.com,114,117,3
www.petfinder.com,64,60,4
www.petsmart.com,70,69,1
www.philips.co.uk,21,17,4
www.photoaffections.com,37,38,1
www.pinterest.ca,13,13,0
www.pinterest.co.uk,11,13,2
www.pinterest.com,8,10,2
www.pinterest.com,8,10,2
www.pinterest.com,8,10,2
www.pinterest.com,8,10,2
www.pinterest.de,11,13,2
www.pinterest.es,11,13,2
www.pinterest.fr,11,13,2
www.pixiv.net,34,43,9
www.placed.com,73,12,61
www.plala.or.jp,12,12,0
www.planethoster.com,20,20,0
www.playstation.com,46,45,1
www.popsugar.com,80,77,3
www.porn300.com,32,33,1
www.pornpics.com,8,8,0
www.pravda.com.ua,#N/A,220,#N/A
www.primis.tech,51,50,1
www.privacyshield.gov,6,6,0
www.projecthoneypot.org,8,8,0
www.prokerala.com,36,30,6
www.promiedos.com.ar,56,43,13
www.proquest.com,23,23,0
www.proximus.be,42,42,0
www.ps.kz,30,34,4
www.pt.pt,3,3,0
www.publi24.ro,18,16,2
www.public.iotechnologies.com,52,53,1
www.publicstuff.com,2,2,0
www.purdue.edu,109,104,5
www.qnap.com,66,62,4
www.qorno.com,2,2,0
www.r7.com,140,107,33
www.rakuten.co.jp,#N/A,30,#N/A
www.rakuten.com,27,25,2
www.rapid7.com,16,14,2
www.rbc.ru,94,251,157
www.realtor.com,826,463,363
www.redfin.com,69,71,2
www.remove.bg,2,2,0
www.reuters.com,191,171,20
www.reuters.com,191,161,30
www.revcontent.com,49,51,2
www.rfc-editor.org,2,2,0
www.rightmove.co.uk,23,24,1
www.ripn.su,9,13,4
www.rokna.net,28,23,5
www.rosneft.ru,73,72,1
www.rsc.org,22,22,0
www.rte.ie,33,29,4
www.rudderstack.com,#N/A,32,#N/A
www.rusprofile.ru,21,25,4
www.rutgers.edu,11,12,1
www.samba.tv,12,14,2
www.samsung.com,45,37,8
www.samsungknox.com,4,4,0
www.sc.pages03.net,41,41,0
www.searchenginejournal.com,71,76,5
www.sectigo.com,42,42,0
www.serveriai.lt,7,4,3
www.serviporno.com,24,22,2
www.sex.com,5,5,0
www.sfgate.com,53,57,4
www.shaw.ca,117,109,8
www.shomanews.com,26,26,0
www.shutterstock.com,83,85,2
www.si.com,80,58,22
www.si.edu,27,29,2
www.sikayetvar.com,22,22,0
www.simplytoimpress.com,43,42,1
www.singular.net,57,66,9
www.sinsay.com,23,23,0
www.siriusxm.com,184,176,8
www.sjtu.edu.cn,5,5,0
www.skole.hr,27,26,1
www.skroutz.gr,81,81,0
www.skype.com,11,9,2
www.skype.com,11,9,2
www.skype.com,11,9,2
www.skyscanner.net,26,26,0
www.sofascore.com,63,57,6
www.sonicwall.com,30,30,0
www.southwest.com,89,77,12
www.sozcu.com.tr,79,83,4
www.sparklight.com,99,99,0
www.spectrum.com,2,4,2
www.speedtest.net,46,49,3
www.speedtest.net,46,45,1
www.spglobal.com,23,21,2
www.splashtop.com,5,5,0
www.sportybet.com,26,30,4
www.sprinklr.com,3,5,2
www.squarespace.com,20,18,2
www.squarespace.com,20,18,2
www.ss.com,7,7,0
www.stackadapt.com,3,2,1
www.starlink.com,12,12,0
www.startpagina.nl,9,13,4
www.sto.cx,53,62,9
www.straitstimes.com,178,175,3
www.strikingly.com,67,67,0
www.surf.nl,9,13,4
www.swisscom.ch,77,79,2
www.swisscom.ch,77,75,2
www.swisscom.ch,77,75,2
www.swrve.com,27,27,0
www.system-monitor.com,17,17,0
www.t-online.de,24,20,4
www.tamildhool.net,63,132,69
www.tappx.com,8,7,1
www.teads.com,2,2,0
www.teads.com,2,2,0
www.team-cymru.com,12,12,0
www.techrepublic.com,1,1,0
www.ted.com,128,105,23
www.ted.com,128,105,23
www.telekom.hu,34,34,0
www.telstra.com.au,57,54,3
www.telstra.com.au,57,50,7
www.terabox.com,64,52,12
www.texas.gov,58,54,4
www.the-sun.com,75,73,2
www.thedailybeast.com,135,140,5
www.themoviedb.org,25,25,0
www.therealreal.com,129,114,15
www.thestar.com.my,178,165,13
www.thesun.co.uk,105,93,12
www.thingiverse.com,10,10,0
www.thomsonreuters.com,271,270,1
www.thomsonreuters.com,271,264,7
www.threatlocker.com,92,69,23
www.thscore.mobi,21,21,0
www.tjsp.jus.br,11,11,0
www.tnaflix.com,97,191,94
www.tokyomotion.net,36,39,3
www.toppr.com,73,75,2
www.toutiao.com,9,7,2
www.tractorsupply.com,187,199,12
www.tradedoubler.com,20,14,6
www.trafficjunky.com,16,20,4
www.transfermarkt.com.tr,#N/A,57,#N/A
www.transunion.com,54,43,11
www.treasuredata.com,16,16,0
www.trulia.com,24,31,7
www.tumblr.com,58,43,15
www.tumblr.com,58,41,17
www.tumblr.com,58,35,23
www.tutorialspoint.com,17,17,0
www.ualberta.ca,285,249,36
www.uber.com,54,55,1
www.uber.com,54,46,8
www.uchicago.edu,25,25,0
www.ucla.edu,23,24,1
www.ucsc.edu,17,17,0
www.udel.edu,463,457,6
www.uhc.com,194,203,9
www.ulta.com,365,280,85
www.un.org,18,18,0
www.un.org,18,18,0
www.unam.mx,10,10,0
www.undertone.com,21,21,0
www.united.com,262,335,73
www.unrealengine.com,20,20,0
www.unsw.edu.au,211,186,25
www.urbandictionary.com,18,19,1
www.usc.edu,24,23,1
www.usgs.gov,34,34,0
www.utorrent.com,15,15,0
www.varzesh3.com,24,21,3
www.verisign.com,17,15,2
www.verisign.com,17,15,2
www.verkada.com,77,80,3
www.viator.com,41,43,2
www.viber.com,27,27,0
www.virginia.gov,204,176,28
www.vox.com,23,23,0
www.wampserver.com,1,1,0
www.wandera.com,2,2,0
www.warnermedia.com,15,15,0
www.watchguard.com,13,13,0
www.waze.com,15,15,0
www.weathercn.com,2,2,0
www.webempresa.com,4,67,63
www.webex.com,89,91,2
www.webex.com,89,90,1
www.webex.com,89,86,3
www.webex.com,89,86,3
www.webnode.com,10,10,0
www.websupport.sk,27,35,8
www.welt.de,48,48,0
www.wiley.com,49,41,8
www.wiley.com,49,27,22
www.winzogames.com,37,35,2
www.wired.co.uk,30,28,2
www.worldtimeserver.com,62,58,4
www.wowhead.com,151,71,80
www.wuxiap.com,16,16,0
www.wuxiap.com,16,16,0
www.wyze.com,260,241,19
www.xda-developers.com,33,35,2
www.xero.com,149,129,20
www.xing.com,13,9,4
www.y2mate.com,3,3,0
www.yale.edu,28,28,0
www.ycombinator.com,42,42,0
www.yomiuri.co.jp,243,186,57
www.youjizz.com,96,65,31
www.yumpu.com,17,17,0
www.zee5.com,42,42,0
www.zenon.net,12,16,4
www.zoho.com,12,12,0
www.zomato.com,71,57,14
www.zulily.com,49,58,9
www1.flightrising.com,2,2,0
www2.branch.io,12,14,2
www2.branch.io,12,14,2
www2.branch.io,12,12,0
x7r3mk6ldr.com,5,11,6
xinhuanet.com,26,26,0
xsl.pt,2,2,0
xxx18hot.com,6,6,0
yadro.ru,1,1,0
yaoilib.me,37,41,4
yolasite.com,43,43,0
youdao.com,14,14,0
youku.com,91,83,8
yts.mx,4,2,2
yutex.ru,67,80,13
zapier.com,47,27,20
zazzle.com,115,104,11
zeasn.tv,7,7,0
zhihu.com,25,25,0
zohopublic.com,1,1,0
zuimeitianqi.com,6,6,0